# column 1: wavelength (micron)
# column 2: total flux; F_nu (Jy)
# column 3: transparent flux; F_nu (Jy)
# column 4: direct primary flux; F_nu (Jy)
# column 5: scattered primary flux; F_nu (Jy)
# column 6: direct secondary flux; F_nu (Jy)
# column 7: scattered secondary flux; F_nu (Jy)
9.000000000e-02 5.581796797e-03 3.376816898e-02 4.858480652e-03 7.233161449e-04 0.000000000e+00 0.000000000e+00
9.541091806e-02 3.113472487e-02 1.760207327e-01 2.691524702e-02 4.219477850e-03 0.000000000e+00 0.000000000e+00
1.011471476e-01 4.219064041e-02 2.088921624e-01 3.589747522e-02 6.293165198e-03 0.000000000e+00 0.000000000e+00
1.072282468e-01 5.546735572e-02 2.376153067e-01 4.652718184e-02 8.940173876e-03 0.000000000e+00 0.000000000e+00
1.136749497e-01 6.319649689e-02 2.384017032e-01 5.244870426e-02 1.074779263e-02 0.000000000e+00 0.000000000e+00
1.205092367e-01 5.888088314e-02 1.991645550e-01 4.844662495e-02 1.043425818e-02 0.000000000e+00 0.000000000e+00
1.277544101e-01 7.451361506e-02 2.288118260e-01 6.075576172e-02 1.375785334e-02 0.000000000e+00 0.000000000e+00
1.354351729e-01 8.334379189e-02 2.337292465e-01 6.738650784e-02 1.595728405e-02 0.000000000e+00 0.000000000e+00
1.435777131e-01 8.865151937e-02 2.238941751e-01 7.068998529e-02 1.796153409e-02 0.000000000e+00 0.000000000e+00
1.522097936e-01 9.917251742e-02 2.163970629e-01 7.677388384e-02 2.239863358e-02 0.000000000e+00 0.000000000e+00
1.613608460e-01 1.108223683e-01 2.099681010e-01 8.251411056e-02 2.830825779e-02 0.000000000e+00 0.000000000e+00
1.710620718e-01 1.221956479e-01 2.068803872e-01 8.796377035e-02 3.423187750e-02 0.000000000e+00 0.000000000e+00
1.813465479e-01 1.291456881e-01 2.034926115e-01 9.127016695e-02 3.787552112e-02 0.000000000e+00 0.000000000e+00
1.922493402e-01 1.269338373e-01 1.956722371e-01 8.919305313e-02 3.774078421e-02 0.000000000e+00 0.000000000e+00
2.038076228e-01 1.189774186e-01 1.883735633e-01 8.426621183e-02 3.471120675e-02 0.000000000e+00 0.000000000e+00
2.160608044e-01 1.192112056e-01 1.873292891e-01 8.616404525e-02 3.304716034e-02 0.000000000e+00 0.000000000e+00
2.290506634e-01 1.229872796e-01 1.783411593e-01 9.020963354e-02 3.277764604e-02 0.000000000e+00 0.000000000e+00
2.428214897e-01 1.274234716e-01 1.705858889e-01 9.478405988e-02 3.263941168e-02 0.000000000e+00 0.000000000e+00
2.574202362e-01 1.316060428e-01 1.675240299e-01 9.968439985e-02 3.192164293e-02 0.000000000e+00 0.000000000e+00
2.728966785e-01 1.337803191e-01 1.657504570e-01 1.038858378e-01 2.989448131e-02 0.000000000e+00 0.000000000e+00
2.893035848e-01 1.384338692e-01 1.678205553e-01 1.107707482e-01 2.766312108e-02 0.000000000e+00 0.000000000e+00
3.066968958e-01 1.422578834e-01 1.690211523e-01 1.164649347e-01 2.579294866e-02 0.000000000e+00 0.000000000e+00
3.251359155e-01 1.448765676e-01 1.696598901e-01 1.209086175e-01 2.396795001e-02 0.000000000e+00 0.000000000e+00
3.446835132e-01 1.463780474e-01 1.695514195e-01 1.242191648e-01 2.215888260e-02 0.000000000e+00 0.000000000e+00
3.654063382e-01 1.559494564e-01 1.789389775e-01 1.345386249e-01 2.141083155e-02 0.000000000e+00 0.000000000e+00
3.873750465e-01 2.424650857e-01 2.755171972e-01 2.127692932e-01 2.969579245e-02 0.000000000e+00 0.000000000e+00
4.106645425e-01 2.923667884e-01 3.287955884e-01 2.601962695e-01 3.217051890e-02 0.000000000e+00 0.000000000e+00
4.353542335e-01 2.872990788e-01 3.198372928e-01 2.589236425e-01 2.837543635e-02 0.000000000e+00 0.000000000e+00
4.615283011e-01 3.022073157e-01 3.334918824e-01 2.752638686e-01 2.694344713e-02 0.000000000e+00 0.000000000e+00
4.892759879e-01 2.896208643e-01 3.172193054e-01 2.665802331e-01 2.304063124e-02 0.000000000e+00 0.000000000e+00
5.186919022e-01 2.966994780e-01 3.226671615e-01 2.757009812e-01 2.099849687e-02 0.000000000e+00 0.000000000e+00
5.498763397e-01 2.992279583e-01 3.231023118e-01 2.804272566e-01 1.880070170e-02 0.000000000e+00 0.000000000e+00
5.829356266e-01 3.024079968e-01 3.246582782e-01 2.856085924e-01 1.679940439e-02 0.000000000e+00 0.000000000e+00
6.179824811e-01 3.065648307e-01 3.272546093e-01 2.913678215e-01 1.519700920e-02 0.000000000e+00 0.000000000e+00
6.551363985e-01 3.053204986e-01 3.244957896e-01 2.918705277e-01 1.344997093e-02 0.000000000e+00 0.000000000e+00
6.945240582e-01 3.139676214e-01 3.320945237e-01 3.018136457e-01 1.215397570e-02 0.000000000e+00 0.000000000e+00
7.362797556e-01 3.142777294e-01 3.309906650e-01 3.035858510e-01 1.069187843e-02 0.000000000e+00 0.000000000e+00
7.805458603e-01 3.117478658e-01 3.268580986e-01 3.025165609e-01 9.231304904e-03 0.000000000e+00 0.000000000e+00
8.274733014e-01 3.121055173e-01 3.261071426e-01 3.038872288e-01 8.218288558e-03 0.000000000e+00 0.000000000e+00
8.772220817e-01 3.147222589e-01 3.278217458e-01 3.075029731e-01 7.219285795e-03 0.000000000e+00 0.000000000e+00
9.299618239e-01 3.128324423e-01 3.247266337e-01 3.065100958e-01 6.322346533e-03 0.000000000e+00 0.000000000e+00
9.858723487e-01 3.098973145e-01 3.207114919e-01 3.045016159e-01 5.395698541e-03 4.861268823e-147 7.618190308e-149
1.045144288e+00 2.989024489e-01 3.084871641e-01 2.944314365e-01 4.471012486e-03 3.927323216e-138 7.565048100e-140
1.107979733e+00 2.850472449e-01 2.934172847e-01 2.813306253e-01 3.716619646e-03 3.357183330e-130 4.728391900e-132
1.174592928e+00 2.757423650e-01 2.832981585e-01 2.726136953e-01 3.128669690e-03 1.761727894e-122 2.985953406e-124
1.245210996e+00 2.663513129e-01 2.730414123e-01 2.637424851e-01 2.608827835e-03 6.260979203e-115 4.860490308e-117
1.320074714e+00 2.612637453e-01 2.673407228e-01 2.590777928e-01 2.185952469e-03 1.692312541e-108 1.506483541e-110
1.399439338e+00 2.572145913e-01 2.627049073e-01 2.553786912e-01 1.835900161e-03 2.511057680e-102 1.719533551e-104
1.483575466e+00 2.566172457e-01 2.617262833e-01 2.550729224e-01 1.544323274e-03 6.837165693e-96 6.592514350e-98
1.572769969e+00 2.595528072e-01 2.643689753e-01 2.582027731e-01 1.350034112e-03 2.410342762e-90 1.418915523e-92
1.667326963e+00 2.572085213e-01 2.616017788e-01 2.560665804e-01 1.141940888e-03 6.228971793e-85 3.312784362e-87
1.767568847e+00 2.453831120e-01 2.492672159e-01 2.444667446e-01 9.163674241e-04 1.219715970e-79 5.183289686e-82
1.873837405e+00 2.287155219e-01 2.320809448e-01 2.279977187e-01 7.178032443e-04 5.637872842e-75 2.143139046e-77
1.986494968e+00 2.134775679e-01 2.164358850e-01 2.129141880e-01 5.633799495e-04 1.496193307e-70 4.028817369e-73
2.105925651e+00 1.967847185e-01 1.993067290e-01 1.963501593e-01 4.345591998e-04 2.961378565e-66 7.591201533e-69
2.232536664e+00 1.779751229e-01 1.801025929e-01 1.776462486e-01 3.288742902e-04 2.557970292e-62 5.349559473e-65
2.366759696e+00 1.627164846e-01 1.645439332e-01 1.624642587e-01 2.522259742e-04 2.143595655e-58 3.710766575e-61
2.509052394e+00 1.393858993e-01 1.408369419e-01 1.392064506e-01 1.794486793e-04 6.840278069e-55 9.540794077e-58
2.659899915e+00 1.381094794e-01 1.394722967e-01 1.379639422e-01 1.455371874e-04 1.468597866e-51 1.698844691e-54
2.819816587e+00 1.338452722e-01 1.350771715e-01 1.337299811e-01 1.152911379e-04 2.488173559e-48 2.345428841e-51
2.989347660e+00 1.117762886e-01 1.127539934e-01 1.116962946e-01 7.999402786e-05 2.544809897e-45 2.000436347e-48
3.169071162e+00 1.013591261e-01 1.021898192e-01 1.013004913e-01 5.863484328e-05 1.651969343e-42 1.043016632e-45
3.359599877e+00 9.805163240e-02 9.880930511e-02 9.800587579e-02 4.575660758e-05 7.774835795e-40 4.056961277e-43
3.561583429e+00 9.391584237e-02 9.459884765e-02 9.388034961e-02 3.549275756e-05 2.589254339e-37 1.083501854e-40
3.775710497e+00 7.832645078e-02 7.886647753e-02 7.830288278e-02 2.356799670e-05 5.857980447e-35 2.028464768e-38
4.002711165e+00 7.238376522e-02 7.285725157e-02 7.236647133e-02 1.729389136e-05 1.016217576e-32 2.737128973e-36
4.243359411e+00 6.908135395e-02 6.950812103e-02 6.906845297e-02 1.290098097e-05 1.322859522e-30 2.848579922e-34
4.498475745e+00 5.869283044e-02 5.903278669e-02 5.868444835e-02 8.382091992e-06 1.359681874e-28 2.229416388e-32
4.768930007e+00 5.142431776e-02 5.171054378e-02 5.141897456e-02 5.343203459e-06 9.577087297e-27 1.146694932e-30
5.055644335e+00 4.652451341e-02 4.677260253e-02 4.652112010e-02 3.393309202e-06 5.454235869e-25 4.160988877e-29
5.359596304e+00 4.253489068e-02 4.275189388e-02 4.253290811e-02 1.982568328e-06 2.469572299e-23 9.986612661e-28
5.681822265e+00 4.020019764e-02 4.040252671e-02 4.019924664e-02 9.509946021e-07 8.909724188e-22 1.245487997e-26
6.023420872e+00 3.666835633e-02 3.685147025e-02 3.666809402e-02 2.623127367e-07 2.560102499e-20 5.732371806e-26
6.385556837e+00 3.273882774e-02 3.290026890e-02 3.273880715e-02 2.058906398e-08 6.215623157e-19 3.416065896e-26
6.769464890e+00 2.906403184e-02 2.920569309e-02 2.906403184e-02 0.000000000e+00 1.275616725e-17 3.503798162e-34
7.176453999e+00 2.607529996e-02 2.620764732e-02 2.607529996e-02 0.000000000e+00 2.156129148e-16 0.000000000e+00
7.607911827e+00 2.347437589e-02 2.364346197e-02 2.347437589e-02 0.000000000e+00 3.104142760e-15 0.000000000e+00
8.065309466e+00 2.113028307e-02 2.144700261e-02 2.113028307e-02 0.000000000e+00 4.160481548e-14 0.000000000e+00
8.550206451e+00 1.894362403e-02 1.948548733e-02 1.894362402e-02 0.000000000e+00 5.131876264e-13 0.000000000e+00
9.064256079e+00 1.719353914e-02 1.791939179e-02 1.719353913e-02 0.000000000e+00 5.889748671e-12 0.000000000e+00
9.609211044e+00 1.562378149e-02 1.641512988e-02 1.562378143e-02 0.000000000e+00 5.850181319e-11 0.000000000e+00
1.018692942e+01 1.416451409e-02 1.479266618e-02 1.416451365e-02 0.000000000e+00 4.430481259e-10 0.000000000e+00
1.079938098e+01 1.233185497e-02 1.277029252e-02 1.233185207e-02 0.000000000e+00 2.905243639e-09 0.000000000e+00
1.144865393e+01 1.090883656e-02 1.120434678e-02 1.090882011e-02 0.000000000e+00 1.645116586e-08 0.000000000e+00
1.213696202e+01 9.433944918e-03 9.626984935e-03 9.433863338e-03 0.000000000e+00 8.157985939e-08 0.000000000e+00
1.286665210e+01 8.328682873e-03 8.457481337e-03 8.328307727e-03 0.000000000e+00 3.751461932e-07 0.000000000e+00
1.364021210e+01 7.179482599e-03 7.264659800e-03 7.177900099e-03 0.000000000e+00 1.582500176e-06 0.000000000e+00
1.446027954e+01 6.292851620e-03 6.358105545e-03 6.285976006e-03 0.000000000e+00 6.875614081e-06 0.000000000e+00
1.532965052e+01 5.561827166e-03 5.602408001e-03 5.531404909e-03 0.000000000e+00 3.042225692e-05 0.000000000e+00
1.625128922e+01 4.851808010e-03 4.794085392e-03 4.722550112e-03 0.000000000e+00 1.292578977e-04 0.000000000e+00
1.722833804e+01 4.608392496e-03 4.184911268e-03 4.113217931e-03 0.000000000e+00 4.951745659e-04 0.000000000e+00
1.826412832e+01 5.221932281e-03 3.613734727e-03 3.549395411e-03 0.000000000e+00 1.672536870e-03 0.000000000e+00
1.936219168e+01 7.928802835e-03 3.219880737e-03 3.165260399e-03 0.000000000e+00 4.763542437e-03 0.000000000e+00
2.052627204e+01 1.517253600e-02 2.793507219e-03 2.751723860e-03 0.000000000e+00 1.242081214e-02 0.000000000e+00
2.176033844e+01 3.186168627e-02 2.468384964e-03 2.435811665e-03 0.000000000e+00 2.942587460e-02 0.000000000e+00
2.306859853e+01 6.881442263e-02 2.238950864e-03 2.212959902e-03 0.000000000e+00 6.660146272e-02 0.000000000e+00
2.445551294e+01 1.431599464e-01 1.950673967e-03 1.930656267e-03 0.000000000e+00 1.412292901e-01 0.000000000e+00
2.592581045e+01 2.870629525e-01 1.738455977e-03 1.722506307e-03 0.000000000e+00 2.853404462e-01 0.000000000e+00
2.748450419e+01 5.379754543e-01 1.571203892e-03 1.558184112e-03 0.000000000e+00 5.364172702e-01 0.000000000e+00
2.913690863e+01 9.805531625e-01 1.382911449e-03 1.372859775e-03 0.000000000e+00 9.791803028e-01 0.000000000e+00
3.088865780e+01 1.685986820e+00 1.232088681e-03 1.223967840e-03 0.000000000e+00 1.684762852e+00 0.000000000e+00
3.274572442e+01 2.758580211e+00 1.104069233e-03 1.097624746e-03 0.000000000e+00 2.757482586e+00 0.000000000e+00
3.471444033e+01 4.362639036e+00 9.743026224e-04 9.691788120e-04 0.000000000e+00 4.361669857e+00 0.000000000e+00
3.680151802e+01 6.571894515e+00 8.617916662e-04 8.577574778e-04 0.000000000e+00 6.571036758e+00 0.000000000e+00
3.901407356e+01 9.531009581e+00 7.859047538e-04 7.825781817e-04 0.000000000e+00 9.530227003e+00 0.000000000e+00
4.135965084e+01 1.339239846e+01 6.961237996e-04 6.934791903e-04 0.000000000e+00 1.339170498e+01 0.000000000e+00
4.384624730e+01 1.789518821e+01 6.208774889e-04 6.187869371e-04 0.000000000e+00 1.789456942e+01 0.000000000e+00
4.648234121e+01 2.316602203e+01 5.475147993e-04 5.458709401e-04 0.000000000e+00 2.316547616e+01 0.000000000e+00
4.927692053e+01 2.907397980e+01 4.930569835e-04 4.917631497e-04 0.000000000e+00 2.907348804e+01 0.000000000e+00
5.223951363e+01 3.530156197e+01 4.390832099e-04 4.380522544e-04 0.000000000e+00 3.530112391e+01 0.000000000e+00
5.538022172e+01 4.155342813e+01 3.860769178e-04 3.852678694e-04 0.000000000e+00 4.155304286e+01 0.000000000e+00
5.870975330e+01 4.785493605e+01 3.451879348e-04 3.445566029e-04 0.000000000e+00 4.785459149e+01 0.000000000e+00
6.223946068e+01 5.385540546e+01 3.079202114e-04 3.074130849e-04 0.000000000e+00 5.385509805e+01 0.000000000e+00
6.598137870e+01 5.894308975e+01 2.733807688e-04 2.729846302e-04 0.000000000e+00 5.894281677e+01 0.000000000e+00
6.994826574e+01 6.352935864e+01 2.443087207e-04 2.439975955e-04 0.000000000e+00 6.352911464e+01 0.000000000e+00
7.415364723e+01 6.670864485e+01 2.139765219e-04 2.137349822e-04 0.000000000e+00 6.670843111e+01 0.000000000e+00
7.861186177e+01 6.883242517e+01 1.936553947e-04 1.934616317e-04 0.000000000e+00 6.883223171e+01 0.000000000e+00
8.333811002e+01 6.961808775e+01 1.728686906e-04 1.727141772e-04 0.000000000e+00 6.961791504e+01 0.000000000e+00
8.834850651e+01 6.982547454e+01 1.512279331e-04 1.511106365e-04 0.000000000e+00 6.982532343e+01 0.000000000e+00
9.366013462e+01 6.829464046e+01 1.347823274e-04 1.346890448e-04 0.000000000e+00 6.829450577e+01 0.000000000e+00
9.929110477e+01 6.640248512e+01 7.769143141e-05 7.764242371e-05 0.000000000e+00 6.640240747e+01 0.000000000e+00
1.052606162e+02 6.325426105e+01 0.000000000e+00 0.000000000e+00 0.000000000e+00 6.325426105e+01 0.000000000e+00
1.115890226e+02 5.979823083e+01 0.000000000e+00 0.000000000e+00 0.000000000e+00 5.979823083e+01 0.000000000e+00
1.182979010e+02 5.584923450e+01 0.000000000e+00 0.000000000e+00 0.000000000e+00 5.584923450e+01 0.000000000e+00
1.254101260e+02 5.153012945e+01 0.000000000e+00 0.000000000e+00 0.000000000e+00 5.153012945e+01 0.000000000e+00
1.329499472e+02 4.740988885e+01 0.000000000e+00 0.000000000e+00 0.000000000e+00 4.740988885e+01 0.000000000e+00
1.409430725e+02 4.263097780e+01 0.000000000e+00 0.000000000e+00 0.000000000e+00 4.263097780e+01 0.000000000e+00
1.494167549e+02 3.816945880e+01 0.000000000e+00 0.000000000e+00 0.000000000e+00 3.816945880e+01 0.000000000e+00
1.583998862e+02 3.393825589e+01 0.000000000e+00 0.000000000e+00 0.000000000e+00 3.393825589e+01 0.000000000e+00
1.679230951e+02 2.979282798e+01 0.000000000e+00 0.000000000e+00 0.000000000e+00 2.979282798e+01 0.000000000e+00
1.780188519e+02 2.606266843e+01 0.000000000e+00 0.000000000e+00 0.000000000e+00 2.606266843e+01 0.000000000e+00
1.887215788e+02 2.277592682e+01 0.000000000e+00 0.000000000e+00 0.000000000e+00 2.277592682e+01 0.000000000e+00
2.000677676e+02 1.967394537e+01 0.000000000e+00 0.000000000e+00 0.000000000e+00 1.967394537e+01 0.000000000e+00
2.120961043e+02 1.679359812e+01 0.000000000e+00 0.000000000e+00 0.000000000e+00 1.679359812e+01 0.000000000e+00
2.248476003e+02 1.450321149e+01 0.000000000e+00 0.000000000e+00 0.000000000e+00 1.450321149e+01 0.000000000e+00
2.383657330e+02 1.227988656e+01 0.000000000e+00 0.000000000e+00 0.000000000e+00 1.227988656e+01 0.000000000e+00
2.526965935e+02 1.033150964e+01 0.000000000e+00 0.000000000e+00 0.000000000e+00 1.033150964e+01 0.000000000e+00
2.678890442e+02 8.713544010e+00 0.000000000e+00 0.000000000e+00 0.000000000e+00 8.713544010e+00 0.000000000e+00
2.839948849e+02 7.320339520e+00 0.000000000e+00 0.000000000e+00 0.000000000e+00 7.320339520e+00 0.000000000e+00
3.010690299e+02 6.169150478e+00 0.000000000e+00 0.000000000e+00 0.000000000e+00 6.169150478e+00 0.000000000e+00
3.191696949e+02 5.091705298e+00 0.000000000e+00 0.000000000e+00 0.000000000e+00 5.091705298e+00 0.000000000e+00
3.383585957e+02 4.252156291e+00 0.000000000e+00 0.000000000e+00 0.000000000e+00 4.252156291e+00 0.000000000e+00
3.587011583e+02 3.531564662e+00 0.000000000e+00 0.000000000e+00 0.000000000e+00 3.531564662e+00 0.000000000e+00
3.802667425e+02 2.907732170e+00 0.000000000e+00 0.000000000e+00 0.000000000e+00 2.907732170e+00 0.000000000e+00
4.031288779e+02 2.386889936e+00 0.000000000e+00 0.000000000e+00 0.000000000e+00 2.386889936e+00 0.000000000e+00
4.273655148e+02 1.937098275e+00 0.000000000e+00 0.000000000e+00 0.000000000e+00 1.937098275e+00 0.000000000e+00
4.530592901e+02 1.614158038e+00 0.000000000e+00 0.000000000e+00 0.000000000e+00 1.614158038e+00 0.000000000e+00
4.802978090e+02 1.326416038e+00 0.000000000e+00 0.000000000e+00 0.000000000e+00 1.326416038e+00 0.000000000e+00
5.091739433e+02 1.072771144e+00 0.000000000e+00 0.000000000e+00 0.000000000e+00 1.072771144e+00 0.000000000e+00
5.397861487e+02 8.711189609e-01 0.000000000e+00 0.000000000e+00 0.000000000e+00 8.711189609e-01 0.000000000e+00
5.722388000e+02 7.006997427e-01 0.000000000e+00 0.000000000e+00 0.000000000e+00 7.006997427e-01 0.000000000e+00
6.066425473e+02 5.774725871e-01 0.000000000e+00 0.000000000e+00 0.000000000e+00 5.774725871e-01 0.000000000e+00
6.431146930e+02 4.701558519e-01 0.000000000e+00 0.000000000e+00 0.000000000e+00 4.701558519e-01 0.000000000e+00
6.817795920e+02 3.769009663e-01 0.000000000e+00 0.000000000e+00 0.000000000e+00 3.769009663e-01 0.000000000e+00
7.227690754e+02 3.041382878e-01 0.000000000e+00 0.000000000e+00 0.000000000e+00 3.041382878e-01 0.000000000e+00
7.662229003e+02 2.460508774e-01 0.000000000e+00 0.000000000e+00 0.000000000e+00 2.460508774e-01 0.000000000e+00
8.122892262e+02 1.991070655e-01 0.000000000e+00 0.000000000e+00 0.000000000e+00 1.991070655e-01 0.000000000e+00
8.611251200e+02 1.616763098e-01 0.000000000e+00 0.000000000e+00 0.000000000e+00 1.616763098e-01 0.000000000e+00
9.128970918e+02 1.290023218e-01 0.000000000e+00 0.000000000e+00 0.000000000e+00 1.290023218e-01 0.000000000e+00
9.677816625e+02 1.042872249e-01 0.000000000e+00 0.000000000e+00 0.000000000e+00 1.042872249e-01 0.000000000e+00
1.025965966e+03 8.941690237e-02 0.000000000e+00 0.000000000e+00 0.000000000e+00 8.941690237e-02 0.000000000e+00
1.087648385e+03 7.912304167e-02 0.000000000e+00 0.000000000e+00 0.000000000e+00 7.912304167e-02 0.000000000e+00
1.153039233e+03 7.174551652e-02 0.000000000e+00 0.000000000e+00 0.000000000e+00 7.174551652e-02 0.000000000e+00
1.222361464e+03 6.423339016e-02 0.000000000e+00 0.000000000e+00 0.000000000e+00 6.423339016e-02 0.000000000e+00
1.295851439e+03 5.830307334e-02 0.000000000e+00 0.000000000e+00 0.000000000e+00 5.830307334e-02 0.000000000e+00
1.373759727e+03 5.106915609e-02 0.000000000e+00 0.000000000e+00 0.000000000e+00 5.106915609e-02 0.000000000e+00
1.456351964e+03 4.656862809e-02 0.000000000e+00 0.000000000e+00 0.000000000e+00 4.656862809e-02 0.000000000e+00
1.543909754e+03 4.213345497e-02 0.000000000e+00 0.000000000e+00 0.000000000e+00 4.213345497e-02 0.000000000e+00
1.636731634e+03 3.751285250e-02 0.000000000e+00 0.000000000e+00 0.000000000e+00 3.751285250e-02 0.000000000e+00
1.735134087e+03 3.383798229e-02 0.000000000e+00 0.000000000e+00 0.000000000e+00 3.383798229e-02 0.000000000e+00
1.839452624e+03 3.016250781e-02 0.000000000e+00 0.000000000e+00 0.000000000e+00 3.016250781e-02 0.000000000e+00
1.950042929e+03 2.693803925e-02 0.000000000e+00 0.000000000e+00 0.000000000e+00 2.693803925e-02 0.000000000e+00
2.067282068e+03 2.416216487e-02 0.000000000e+00 0.000000000e+00 0.000000000e+00 2.416216487e-02 0.000000000e+00
2.191569778e+03 2.167357345e-02 0.000000000e+00 0.000000000e+00 0.000000000e+00 2.167357345e-02 0.000000000e+00
2.323329827e+03 1.945385125e-02 0.000000000e+00 0.000000000e+00 0.000000000e+00 1.945385125e-02 0.000000000e+00
2.463011464e+03 1.725882520e-02 0.000000000e+00 0.000000000e+00 0.000000000e+00 1.725882520e-02 0.000000000e+00
2.611090944e+03 1.545668755e-02 0.000000000e+00 0.000000000e+00 0.000000000e+00 1.545668755e-02 0.000000000e+00
2.768073157e+03 1.386679558e-02 0.000000000e+00 0.000000000e+00 0.000000000e+00 1.386679558e-02 0.000000000e+00
2.934493346e+03 1.246478950e-02 0.000000000e+00 0.000000000e+00 0.000000000e+00 1.246478950e-02 0.000000000e+00
3.110918936e+03 1.112452559e-02 0.000000000e+00 0.000000000e+00 0.000000000e+00 1.112452559e-02 0.000000000e+00
3.297951463e+03 9.912778514e-03 0.000000000e+00 0.000000000e+00 0.000000000e+00 9.912778514e-03 0.000000000e+00
3.496228631e+03 8.852795092e-03 0.000000000e+00 0.000000000e+00 0.000000000e+00 8.852795092e-03 0.000000000e+00
3.706426483e+03 7.854528252e-03 0.000000000e+00 0.000000000e+00 0.000000000e+00 7.854528252e-03 0.000000000e+00
3.929261705e+03 7.054589278e-03 0.000000000e+00 0.000000000e+00 0.000000000e+00 7.054589278e-03 0.000000000e+00
4.165494073e+03 6.333179752e-03 0.000000000e+00 0.000000000e+00 0.000000000e+00 6.333179752e-03 0.000000000e+00
4.415929040e+03 5.618104791e-03 0.000000000e+00 0.000000000e+00 0.000000000e+00 5.618104791e-03 0.000000000e+00
4.681420487e+03 5.074549716e-03 0.000000000e+00 0.000000000e+00 0.000000000e+00 5.074549716e-03 0.000000000e+00
4.962873628e+03 4.525286819e-03 0.000000000e+00 0.000000000e+00 0.000000000e+00 4.525286819e-03 0.000000000e+00
5.261248100e+03 3.986879084e-03 0.000000000e+00 0.000000000e+00 0.000000000e+00 3.986879084e-03 0.000000000e+00
5.577561237e+03 3.572407742e-03 0.000000000e+00 0.000000000e+00 0.000000000e+00 3.572407742e-03 0.000000000e+00
5.912891535e+03 3.164475147e-03 0.000000000e+00 0.000000000e+00 0.000000000e+00 3.164475147e-03 0.000000000e+00
6.268382331e+03 2.830591336e-03 0.000000000e+00 0.000000000e+00 0.000000000e+00 2.830591336e-03 0.000000000e+00
6.645245699e+03 2.520326796e-03 0.000000000e+00 0.000000000e+00 0.000000000e+00 2.520326796e-03 0.000000000e+00
7.044766588e+03 2.260934054e-03 0.000000000e+00 0.000000000e+00 0.000000000e+00 2.260934054e-03 0.000000000e+00
7.468307196e+03 2.039197271e-03 0.000000000e+00 0.000000000e+00 0.000000000e+00 2.039197271e-03 0.000000000e+00
7.917311621e+03 1.790632759e-03 0.000000000e+00 0.000000000e+00 0.000000000e+00 1.790632759e-03 0.000000000e+00
8.393310782e+03 1.601658308e-03 0.000000000e+00 0.000000000e+00 0.000000000e+00 1.601658308e-03 0.000000000e+00
8.897927636e+03 1.444817658e-03 0.000000000e+00 0.000000000e+00 0.000000000e+00 1.444817658e-03 0.000000000e+00
9.432882717e+03 1.278445097e-03 0.000000000e+00 0.000000000e+00 0.000000000e+00 1.278445097e-03 0.000000000e+00
1.000000000e+04 1.028866887e-03 0.000000000e+00 0.000000000e+00 0.000000000e+00 1.028866887e-03 0.000000000e+00
