# column 1: wavelength (micron)
# column 2: total flux; F_nu (Jy)
# column 3: transparent flux; F_nu (Jy)
# column 4: direct primary flux; F_nu (Jy)
# column 5: scattered primary flux; F_nu (Jy)
# column 6: direct secondary flux; F_nu (Jy)
# column 7: scattered secondary flux; F_nu (Jy)
9.000000000e-02 5.016576128e-04 3.385744733e-02 4.406412419e-04 6.101637085e-05 0.000000000e+00 0.000000000e+00
9.541091806e-02 2.873603091e-03 1.756703404e-01 2.497579315e-03 3.760237760e-04 0.000000000e+00 0.000000000e+00
1.011471476e-01 3.817027416e-03 2.103589082e-01 3.267227092e-03 5.498003245e-04 0.000000000e+00 0.000000000e+00
1.072282468e-01 4.868328956e-03 2.379726841e-01 4.069090022e-03 7.992389340e-04 0.000000000e+00 0.000000000e+00
1.136749497e-01 5.547647385e-03 2.377563756e-01 4.568239076e-03 9.794083088e-04 0.000000000e+00 0.000000000e+00
1.205092367e-01 5.236520501e-03 1.990925671e-01 4.264804687e-03 9.717158139e-04 0.000000000e+00 0.000000000e+00
1.277544101e-01 6.759314072e-03 2.296075360e-01 5.404786908e-03 1.354527164e-03 0.000000000e+00 0.000000000e+00
1.354351729e-01 7.477619208e-03 2.331893820e-01 5.888934424e-03 1.588684784e-03 0.000000000e+00 0.000000000e+00
1.435777131e-01 8.091600742e-03 2.236405014e-01 6.152096657e-03 1.939504085e-03 0.000000000e+00 0.000000000e+00
1.522097936e-01 9.543226895e-03 2.173917524e-01 6.875552981e-03 2.667673914e-03 0.000000000e+00 0.000000000e+00
1.613608460e-01 1.128262788e-02 2.100324093e-01 7.419056302e-03 3.863571577e-03 0.000000000e+00 0.000000000e+00
1.710620718e-01 1.368004554e-02 2.071513883e-01 8.215242606e-03 5.464802930e-03 0.000000000e+00 0.000000000e+00
1.813465479e-01 1.523488482e-02 2.027046109e-01 8.498522258e-03 6.736362566e-03 0.000000000e+00 0.000000000e+00
1.922493402e-01 1.539972954e-02 1.963896616e-01 8.461338491e-03 6.938391052e-03 0.000000000e+00 0.000000000e+00
2.038076228e-01 1.406954330e-02 1.884514929e-01 7.922246005e-03 6.147297299e-03 0.000000000e+00 0.000000000e+00
2.160608044e-01 1.390158713e-02 1.862668931e-01 7.978853870e-03 5.922733262e-03 0.000000000e+00 0.000000000e+00
2.290506634e-01 1.619323247e-02 1.774885615e-01 8.987678959e-03 7.205553515e-03 0.000000000e+00 0.000000000e+00
2.428214897e-01 1.914983582e-02 1.707876892e-01 9.866548635e-03 9.283287188e-03 0.000000000e+00 0.000000000e+00
2.574202362e-01 2.246996316e-02 1.671282815e-01 1.121992187e-02 1.125004129e-02 0.000000000e+00 0.000000000e+00
2.728966785e-01 2.518294900e-02 1.665039985e-01 1.243566242e-02 1.274728658e-02 0.000000000e+00 0.000000000e+00
2.893035848e-01 2.792293407e-02 1.674565469e-01 1.413725052e-02 1.378568355e-02 0.000000000e+00 0.000000000e+00
3.066968958e-01 3.037266960e-02 1.684398369e-01 1.564178281e-02 1.473088679e-02 0.000000000e+00 0.000000000e+00
3.251359155e-01 3.272991861e-02 1.672584374e-01 1.712755599e-02 1.560236263e-02 0.000000000e+00 0.000000000e+00
3.446835132e-01 3.565765518e-02 1.690561342e-01 1.888992891e-02 1.676772627e-02 0.000000000e+00 0.000000000e+00
3.654063382e-01 4.035581303e-02 1.799195004e-01 2.167694983e-02 1.867886320e-02 0.000000000e+00 0.000000000e+00
3.873750465e-01 6.542598648e-02 2.734895445e-01 3.622257693e-02 2.920340955e-02 0.000000000e+00 0.000000000e+00
4.106645425e-01 8.459372310e-02 3.287078709e-01 4.796569413e-02 3.662802897e-02 0.000000000e+00 0.000000000e+00
4.353542335e-01 8.896732192e-02 3.201356474e-01 5.178355352e-02 3.718376840e-02 0.000000000e+00 0.000000000e+00
4.615283011e-01 9.961964431e-02 3.326829740e-01 5.919417032e-02 4.042547399e-02 0.000000000e+00 0.000000000e+00
4.892759879e-01 1.009748288e-01 3.162194720e-01 6.118356594e-02 3.979126285e-02 0.000000000e+00 0.000000000e+00
5.186919022e-01 1.098067853e-01 3.207596144e-01 6.845677732e-02 4.135000803e-02 0.000000000e+00 0.000000000e+00
5.498763397e-01 1.167643210e-01 3.227464998e-01 7.501250056e-02 4.175182045e-02 0.000000000e+00 0.000000000e+00
5.829356266e-01 1.265166171e-01 3.268643178e-01 8.338995249e-02 4.312666460e-02 0.000000000e+00 0.000000000e+00
6.179824811e-01 1.356493221e-01 3.305476089e-01 9.150526211e-02 4.414405999e-02 0.000000000e+00 0.000000000e+00
6.551363985e-01 1.420596474e-01 3.264855775e-01 9.836393667e-02 4.369571075e-02 0.000000000e+00 0.000000000e+00
6.945240582e-01 1.512201209e-01 3.306711290e-01 1.076421477e-01 4.357797321e-02 0.000000000e+00 0.000000000e+00
7.362797556e-01 1.588429896e-01 3.289890472e-01 1.164990527e-01 4.234393688e-02 0.000000000e+00 0.000000000e+00
7.805458603e-01 1.668317352e-01 3.284164318e-01 1.257358026e-01 4.109593266e-02 0.000000000e+00 0.000000000e+00
8.274733014e-01 1.719036646e-01 3.226308097e-01 1.325764601e-01 3.932720449e-02 0.000000000e+00 0.000000000e+00
8.772220817e-01 1.819004517e-01 3.283268119e-01 1.432666502e-01 3.863380154e-02 0.000000000e+00 0.000000000e+00
9.299618239e-01 1.903827105e-01 3.275375838e-01 1.535825594e-01 3.680015109e-02 0.000000000e+00 0.000000000e+00
9.858723487e-01 1.937846713e-01 3.204546684e-01 1.600210824e-01 3.376358894e-02 1.066291353e-113 2.842267894e-114
1.045144288e+00 1.939757714e-01 3.091876066e-01 1.635427546e-01 3.043301673e-02 3.759204483e-106 4.741447907e-107
1.107979733e+00 1.901520966e-01 2.922190463e-01 1.632134166e-01 2.693867997e-02 2.862613056e-99 8.216873449e-100
1.174592928e+00 1.899266388e-01 2.837812986e-01 1.657630202e-01 2.416361862e-02 9.624279545e-94 8.568223699e-95
1.245210996e+00 1.887279388e-01 2.727064208e-01 1.673424467e-01 2.138549216e-02 2.851951296e-88 2.618020717e-89
1.320074714e+00 1.892839243e-01 2.670858337e-01 1.703769133e-01 1.890701103e-02 1.960111669e-83 5.331796909e-84
1.399439338e+00 1.912615877e-01 2.638796234e-01 1.746637973e-01 1.659779036e-02 9.884088674e-79 5.927028994e-80
1.483575466e+00 1.928908789e-01 2.596253731e-01 1.781659023e-01 1.472497659e-02 6.060194744e-74 5.048696751e-75
1.572769969e+00 1.983966218e-01 2.616410956e-01 1.852281994e-01 1.316842244e-02 1.091645558e-69 1.959620191e-70
1.667326963e+00 2.031025195e-01 2.631574881e-01 1.913255503e-01 1.177696923e-02 2.668596304e-65 1.482965876e-66
1.767568847e+00 1.950205481e-01 2.486211970e-01 1.852480695e-01 9.772478562e-03 1.287531456e-61 9.303661519e-63
1.873837405e+00 1.841268841e-01 2.306937541e-01 1.764050183e-01 7.721865730e-03 6.713186707e-58 2.432458315e-59
1.986494968e+00 1.748817467e-01 2.159189194e-01 1.686076333e-01 6.274113432e-03 6.320763790e-54 2.294326697e-55
2.105925651e+00 1.639030989e-01 1.995385910e-01 1.588942933e-01 5.008805669e-03 2.910325587e-51 7.390731714e-53
2.232536664e+00 1.504887814e-01 1.807649390e-01 1.465928048e-01 3.895976602e-03 7.327969849e-48 1.838791946e-49
2.366759696e+00 1.371730884e-01 1.632063495e-01 1.341574930e-01 3.015595374e-03 4.936053467e-45 1.136997973e-46
2.509052394e+00 1.194179614e-01 1.402975219e-01 1.172269090e-01 2.191052381e-03 3.892605341e-42 8.985342423e-44
2.659899915e+00 1.194856413e-01 1.390256003e-01 1.176674244e-01 1.818216904e-03 1.220261524e-39 1.802898589e-41
2.819816587e+00 1.181769378e-01 1.363940289e-01 1.166971151e-01 1.479822680e-03 3.160842303e-37 4.199994642e-39
2.989347660e+00 9.930459809e-02 1.136793990e-01 9.826896949e-02 1.035628596e-03 6.117286439e-35 6.970941214e-37
3.169071162e+00 8.912167945e-02 1.011598441e-01 8.836876893e-02 7.529105186e-04 8.458693820e-33 6.678835863e-35
3.359599877e+00 8.756934619e-02 9.874023691e-02 8.696112625e-02 6.082199428e-04 1.124868263e-30 8.655635148e-33
3.561583429e+00 8.508578180e-02 9.524960620e-02 8.460624536e-02 4.795364468e-04 9.774010997e-29 5.002740782e-31
3.775710497e+00 7.134292959e-02 7.938564989e-02 7.101311044e-02 3.298191494e-04 6.750510329e-27 3.006588818e-29
4.002711165e+00 6.642833902e-02 7.348130182e-02 6.618161625e-02 2.467227697e-04 3.553813972e-25 1.340203463e-27
4.243359411e+00 6.248075411e-02 6.879162947e-02 6.229327753e-02 1.874765803e-04 1.520108693e-23 4.652597398e-26
4.498475745e+00 5.334879324e-02 5.842153801e-02 5.321972937e-02 1.290638789e-04 5.456920796e-22 1.328140097e-24
4.768930007e+00 4.723637770e-02 5.148792564e-02 4.714625263e-02 9.012506800e-05 1.727389780e-20 3.416797231e-23
5.055644335e+00 4.277802360e-02 4.647756233e-02 4.271443299e-02 6.359060887e-05 3.842757444e-19 5.828696863e-22
5.359596304e+00 3.986847876e-02 4.321788882e-02 3.982165762e-02 4.682114409e-05 8.072233761e-18 9.788224420e-21
5.681822265e+00 3.715126581e-02 4.018641965e-02 3.711740129e-02 3.386452540e-05 1.284506192e-16 1.194147921e-19
6.023420872e+00 3.353222616e-02 3.624668143e-02 3.350873255e-02 2.349360924e-05 1.941796967e-15 1.377357791e-18
6.385556837e+00 3.015785566e-02 3.259148063e-02 3.014200195e-02 1.585370048e-05 2.353777552e-14 1.271530861e-17
6.769464890e+00 2.717516403e-02 2.932762984e-02 2.716447635e-02 1.068768002e-05 2.570220571e-13 1.047284174e-16
7.176453999e+00 2.411787830e-02 2.614169215e-02 2.411112865e-02 6.749642071e-06 2.429066484e-12 6.869676876e-16
7.607911827e+00 2.141058583e-02 2.392433100e-02 2.140662224e-02 3.963568838e-06 1.821901114e-11 3.442603788e-15
8.065309466e+00 1.726756703e-02 2.157550485e-02 1.726547043e-02 2.096478814e-06 1.189534723e-10 1.546985068e-14
8.550206451e+00 1.296446540e-02 1.948290913e-02 1.296314072e-02 1.324031756e-06 6.528339445e-10 7.533257694e-14
9.064256079e+00 1.005799954e-02 1.791597697e-02 1.005686293e-02 1.133226143e-06 3.375648434e-09 4.484218103e-13
9.609211044e+00 8.509665560e-03 1.649152509e-02 8.508497417e-03 1.150715804e-06 1.742421702e-08 2.653258819e-12
1.018692942e+01 8.194144534e-03 1.485757824e-02 8.192947749e-03 1.104412506e-06 9.235782808e-08 1.387013454e-11
1.079938098e+01 7.862050528e-03 1.291792925e-02 7.860651195e-03 9.433718901e-07 4.559021399e-07 5.889655604e-11
1.144865393e+01 7.522990721e-03 1.105455486e-02 7.520209598e-03 7.084179657e-07 2.072500830e-06 2.037713463e-10
1.213696202e+01 7.137690781e-03 9.630492598e-03 7.129005929e-03 4.686647224e-07 8.215645360e-06 5.417733970e-10
1.286665210e+01 6.699663944e-03 8.411134376e-03 6.669117284e-03 2.445825594e-07 3.030109343e-05 9.843612953e-10
1.364021210e+01 6.222622709e-03 7.363485840e-03 6.120462120e-03 6.233924802e-08 1.020975246e-04 7.252534005e-10
1.446027954e+01 5.646840715e-03 6.339591757e-03 5.323114102e-03 1.617069821e-09 3.237249595e-04 3.604826963e-11
1.532965052e+01 5.503775117e-03 5.522585519e-03 4.535759444e-03 0.000000000e+00 9.680156733e-04 0.000000000e+00
1.625128922e+01 6.688194652e-03 4.813856086e-03 3.835669998e-03 0.000000000e+00 2.852524653e-03 0.000000000e+00
1.722833804e+01 1.117857984e-02 4.190410050e-03 3.237791720e-03 0.000000000e+00 7.940788119e-03 0.000000000e+00
1.826412832e+01 2.367557239e-02 3.594741514e-03 2.739789609e-03 0.000000000e+00 2.093578278e-02 0.000000000e+00
1.936219168e+01 5.285395908e-02 3.172420093e-03 2.454559864e-03 0.000000000e+00 5.039939922e-02 0.000000000e+00
2.052627204e+01 1.153967787e-01 2.787546340e-03 2.216977480e-03 0.000000000e+00 1.131798012e-01 0.000000000e+00
2.176033844e+01 2.481066044e-01 2.475797862e-03 2.018198880e-03 0.000000000e+00 2.460884055e-01 0.000000000e+00
2.306859853e+01 4.918689248e-01 2.179055303e-03 1.820430781e-03 0.000000000e+00 4.900484941e-01 0.000000000e+00
2.445551294e+01 9.417658218e-01 1.962296021e-03 1.671716654e-03 0.000000000e+00 9.400941052e-01 0.000000000e+00
2.592581045e+01 1.708822120e+00 1.750445572e-03 1.517945410e-03 0.000000000e+00 1.707304174e+00 0.000000000e+00
2.748450419e+01 2.987537544e+00 1.554589138e-03 1.368258076e-03 0.000000000e+00 2.986169286e+00 0.000000000e+00
2.913690863e+01 4.926578601e+00 1.414782836e-03 1.261585876e-03 0.000000000e+00 4.925317015e+00 0.000000000e+00
3.088865780e+01 7.837380610e+00 1.240324544e-03 1.119633619e-03 0.000000000e+00 7.836260976e+00 0.000000000e+00
3.274572442e+01 1.188722061e+01 1.104764616e-03 1.008269378e-03 0.000000000e+00 1.188621234e+01 0.000000000e+00
3.471444033e+01 1.730113711e+01 9.857942254e-04 9.075676094e-04 0.000000000e+00 1.730022955e+01 0.000000000e+00
3.680151802e+01 2.429686335e+01 8.771079452e-04 8.140057851e-04 0.000000000e+00 2.429604935e+01 0.000000000e+00
3.901407356e+01 3.278527051e+01 7.862238270e-04 7.353846251e-04 0.000000000e+00 3.278453512e+01 0.000000000e+00
4.135965084e+01 4.230361053e+01 7.011013882e-04 6.605510396e-04 0.000000000e+00 4.230294998e+01 0.000000000e+00
4.384624730e+01 5.315469445e+01 6.140820362e-04 5.821998632e-04 0.000000000e+00 5.315411225e+01 0.000000000e+00
4.648234121e+01 6.465123705e+01 5.492935171e-04 5.238376402e-04 0.000000000e+00 6.465071321e+01 0.000000000e+00
4.927692053e+01 7.604353637e+01 4.874909954e-04 4.673268934e-04 0.000000000e+00 7.604306904e+01 0.000000000e+00
5.223951363e+01 8.756509201e+01 4.339651551e-04 4.180714208e-04 0.000000000e+00 8.756467394e+01 0.000000000e+00
5.538022172e+01 9.815137163e+01 3.883709115e-04 3.756386971e-04 0.000000000e+00 9.815099599e+01 0.000000000e+00
5.870975330e+01 1.075053458e+02 3.439239711e-04 3.339202573e-04 0.000000000e+00 1.075050119e+02 0.000000000e+00
6.223946068e+01 1.152284889e+02 3.058422895e-04 2.980433996e-04 0.000000000e+00 1.152281909e+02 0.000000000e+00
6.598137870e+01 1.204547986e+02 2.749502374e-04 2.687112021e-04 0.000000000e+00 1.204545299e+02 0.000000000e+00
6.994826574e+01 1.247334594e+02 2.398581345e-04 2.349363356e-04 0.000000000e+00 1.247332245e+02 0.000000000e+00
7.415364723e+01 1.256782394e+02 2.166856524e-04 2.128158387e-04 0.000000000e+00 1.256780266e+02 0.000000000e+00
7.861186177e+01 1.248798957e+02 1.945726094e-04 1.914913310e-04 0.000000000e+00 1.248797042e+02 0.000000000e+00
8.333811002e+01 1.229467096e+02 1.709965804e-04 1.685925433e-04 0.000000000e+00 1.229465410e+02 0.000000000e+00
8.834850651e+01 1.185724980e+02 1.528108180e-04 1.509229426e-04 0.000000000e+00 1.185723471e+02 0.000000000e+00
9.366013462e+01 1.132089123e+02 1.360458085e-04 1.345524120e-04 0.000000000e+00 1.132087778e+02 0.000000000e+00
9.929110477e+01 1.073002018e+02 7.724416929e-05 7.647088502e-05 0.000000000e+00 1.073001253e+02 0.000000000e+00
1.052606162e+02 9.993769601e+01 0.000000000e+00 0.000000000e+00 0.000000000e+00 9.993769601e+01 0.000000000e+00
1.115890226e+02 9.177423151e+01 0.000000000e+00 0.000000000e+00 0.000000000e+00 9.177423151e+01 0.000000000e+00
1.182979010e+02 8.391817294e+01 0.000000000e+00 0.000000000e+00 0.000000000e+00 8.391817294e+01 0.000000000e+00
1.254101260e+02 7.575252568e+01 0.000000000e+00 0.000000000e+00 0.000000000e+00 7.575252568e+01 0.000000000e+00
1.329499472e+02 6.787338050e+01 0.000000000e+00 0.000000000e+00 0.000000000e+00 6.787338050e+01 0.000000000e+00
1.409430725e+02 6.051629371e+01 0.000000000e+00 0.000000000e+00 0.000000000e+00 6.051629371e+01 0.000000000e+00
1.494167549e+02 5.328350904e+01 0.000000000e+00 0.000000000e+00 0.000000000e+00 5.328350904e+01 0.000000000e+00
1.583998862e+02 4.669469593e+01 0.000000000e+00 0.000000000e+00 0.000000000e+00 4.669469593e+01 0.000000000e+00
1.679230951e+02 4.049297132e+01 0.000000000e+00 0.000000000e+00 0.000000000e+00 4.049297132e+01 0.000000000e+00
1.780188519e+02 3.515310153e+01 0.000000000e+00 0.000000000e+00 0.000000000e+00 3.515310153e+01 0.000000000e+00
1.887215788e+02 3.001581133e+01 0.000000000e+00 0.000000000e+00 0.000000000e+00 3.001581133e+01 0.000000000e+00
2.000677676e+02 2.577850014e+01 0.000000000e+00 0.000000000e+00 0.000000000e+00 2.577850014e+01 0.000000000e+00
2.120961043e+02 2.204671918e+01 0.000000000e+00 0.000000000e+00 0.000000000e+00 2.204671918e+01 0.000000000e+00
2.248476003e+02 1.844658041e+01 0.000000000e+00 0.000000000e+00 0.000000000e+00 1.844658041e+01 0.000000000e+00
2.383657330e+02 1.552362097e+01 0.000000000e+00 0.000000000e+00 0.000000000e+00 1.552362097e+01 0.000000000e+00
2.526965935e+02 1.320575170e+01 0.000000000e+00 0.000000000e+00 0.000000000e+00 1.320575170e+01 0.000000000e+00
2.678890442e+02 1.094721670e+01 0.000000000e+00 0.000000000e+00 0.000000000e+00 1.094721670e+01 0.000000000e+00
2.839948849e+02 9.178901911e+00 0.000000000e+00 0.000000000e+00 0.000000000e+00 9.178901911e+00 0.000000000e+00
3.010690299e+02 7.569706999e+00 0.000000000e+00 0.000000000e+00 0.000000000e+00 7.569706999e+00 0.000000000e+00
3.191696949e+02 6.300511979e+00 0.000000000e+00 0.000000000e+00 0.000000000e+00 6.300511979e+00 0.000000000e+00
3.383585957e+02 5.171453280e+00 0.000000000e+00 0.000000000e+00 0.000000000e+00 5.171453280e+00 0.000000000e+00
3.587011583e+02 4.275815563e+00 0.000000000e+00 0.000000000e+00 0.000000000e+00 4.275815563e+00 0.000000000e+00
3.802667425e+02 3.494427653e+00 0.000000000e+00 0.000000000e+00 0.000000000e+00 3.494427653e+00 0.000000000e+00
4.031288779e+02 2.884229027e+00 0.000000000e+00 0.000000000e+00 0.000000000e+00 2.884229027e+00 0.000000000e+00
4.273655148e+02 2.337726213e+00 0.000000000e+00 0.000000000e+00 0.000000000e+00 2.337726213e+00 0.000000000e+00
4.530592901e+02 1.918650474e+00 0.000000000e+00 0.000000000e+00 0.000000000e+00 1.918650474e+00 0.000000000e+00
4.802978090e+02 1.576737694e+00 0.000000000e+00 0.000000000e+00 0.000000000e+00 1.576737694e+00 0.000000000e+00
5.091739433e+02 1.274719592e+00 0.000000000e+00 0.000000000e+00 0.000000000e+00 1.274719592e+00 0.000000000e+00
5.397861487e+02 1.027482788e+00 0.000000000e+00 0.000000000e+00 0.000000000e+00 1.027482788e+00 0.000000000e+00
5.722388000e+02 8.262061854e-01 0.000000000e+00 0.000000000e+00 0.000000000e+00 8.262061854e-01 0.000000000e+00
6.066425473e+02 6.714486861e-01 0.000000000e+00 0.000000000e+00 0.000000000e+00 6.714486861e-01 0.000000000e+00
6.431146930e+02 5.488403023e-01 0.000000000e+00 0.000000000e+00 0.000000000e+00 5.488403023e-01 0.000000000e+00
6.817795920e+02 4.438590471e-01 0.000000000e+00 0.000000000e+00 0.000000000e+00 4.438590471e-01 0.000000000e+00
7.227690754e+02 3.551244527e-01 0.000000000e+00 0.000000000e+00 0.000000000e+00 3.551244527e-01 0.000000000e+00
7.662229003e+02 2.847106493e-01 0.000000000e+00 0.000000000e+00 0.000000000e+00 2.847106493e-01 0.000000000e+00
8.122892262e+02 2.297786314e-01 0.000000000e+00 0.000000000e+00 0.000000000e+00 2.297786314e-01 0.000000000e+00
8.611251200e+02 1.861429457e-01 0.000000000e+00 0.000000000e+00 0.000000000e+00 1.861429457e-01 0.000000000e+00
9.128970918e+02 1.493829685e-01 0.000000000e+00 0.000000000e+00 0.000000000e+00 1.493829685e-01 0.000000000e+00
9.677816625e+02 1.213217269e-01 0.000000000e+00 0.000000000e+00 0.000000000e+00 1.213217269e-01 0.000000000e+00
1.025965966e+03 9.983497515e-02 0.000000000e+00 0.000000000e+00 0.000000000e+00 9.983497515e-02 0.000000000e+00
1.087648385e+03 9.073876828e-02 0.000000000e+00 0.000000000e+00 0.000000000e+00 9.073876828e-02 0.000000000e+00
1.153039233e+03 8.228509237e-02 0.000000000e+00 0.000000000e+00 0.000000000e+00 8.228509237e-02 0.000000000e+00
1.222361464e+03 7.362798071e-02 0.000000000e+00 0.000000000e+00 0.000000000e+00 7.362798071e-02 0.000000000e+00
1.295851439e+03 6.582019227e-02 0.000000000e+00 0.000000000e+00 0.000000000e+00 6.582019227e-02 0.000000000e+00
1.373759727e+03 5.986722970e-02 0.000000000e+00 0.000000000e+00 0.000000000e+00 5.986722970e-02 0.000000000e+00
1.456351964e+03 5.295224690e-02 0.000000000e+00 0.000000000e+00 0.000000000e+00 5.295224690e-02 0.000000000e+00
1.543909754e+03 4.786433698e-02 0.000000000e+00 0.000000000e+00 0.000000000e+00 4.786433698e-02 0.000000000e+00
1.636731634e+03 4.303398288e-02 0.000000000e+00 0.000000000e+00 0.000000000e+00 4.303398288e-02 0.000000000e+00
1.735134087e+03 3.803690671e-02 0.000000000e+00 0.000000000e+00 0.000000000e+00 3.803690671e-02 0.000000000e+00
1.839452624e+03 3.433689679e-02 0.000000000e+00 0.000000000e+00 0.000000000e+00 3.433689679e-02 0.000000000e+00
1.950042929e+03 3.049349350e-02 0.000000000e+00 0.000000000e+00 0.000000000e+00 3.049349350e-02 0.000000000e+00
2.067282068e+03 2.738245537e-02 0.000000000e+00 0.000000000e+00 0.000000000e+00 2.738245537e-02 0.000000000e+00
2.191569778e+03 2.456402067e-02 0.000000000e+00 0.000000000e+00 0.000000000e+00 2.456402067e-02 0.000000000e+00
2.323329827e+03 2.225713682e-02 0.000000000e+00 0.000000000e+00 0.000000000e+00 2.225713682e-02 0.000000000e+00
2.463011464e+03 1.963793874e-02 0.000000000e+00 0.000000000e+00 0.000000000e+00 1.963793874e-02 0.000000000e+00
2.611090944e+03 1.759248406e-02 0.000000000e+00 0.000000000e+00 0.000000000e+00 1.759248406e-02 0.000000000e+00
2.768073157e+03 1.566400557e-02 0.000000000e+00 0.000000000e+00 0.000000000e+00 1.566400557e-02 0.000000000e+00
2.934493346e+03 1.409528498e-02 0.000000000e+00 0.000000000e+00 0.000000000e+00 1.409528498e-02 0.000000000e+00
3.110918936e+03 1.238199766e-02 0.000000000e+00 0.000000000e+00 0.000000000e+00 1.238199766e-02 0.000000000e+00
3.297951463e+03 1.117848582e-02 0.000000000e+00 0.000000000e+00 0.000000000e+00 1.117848582e-02 0.000000000e+00
3.496228631e+03 9.847543505e-03 0.000000000e+00 0.000000000e+00 0.000000000e+00 9.847543505e-03 0.000000000e+00
3.706426483e+03 8.941253540e-03 0.000000000e+00 0.000000000e+00 0.000000000e+00 8.941253540e-03 0.000000000e+00
3.929261705e+03 7.975178025e-03 0.000000000e+00 0.000000000e+00 0.000000000e+00 7.975178025e-03 0.000000000e+00
4.165494073e+03 7.133073988e-03 0.000000000e+00 0.000000000e+00 0.000000000e+00 7.133073988e-03 0.000000000e+00
4.415929040e+03 6.324069281e-03 0.000000000e+00 0.000000000e+00 0.000000000e+00 6.324069281e-03 0.000000000e+00
4.681420487e+03 5.730739271e-03 0.000000000e+00 0.000000000e+00 0.000000000e+00 5.730739271e-03 0.000000000e+00
4.962873628e+03 4.979521860e-03 0.000000000e+00 0.000000000e+00 0.000000000e+00 4.979521860e-03 0.000000000e+00
5.261248100e+03 4.507105072e-03 0.000000000e+00 0.000000000e+00 0.000000000e+00 4.507105072e-03 0.000000000e+00
5.577561237e+03 4.017094851e-03 0.000000000e+00 0.000000000e+00 0.000000000e+00 4.017094851e-03 0.000000000e+00
5.912891535e+03 3.581742045e-03 0.000000000e+00 0.000000000e+00 0.000000000e+00 3.581742045e-03 0.000000000e+00
6.268382331e+03 3.205505330e-03 0.000000000e+00 0.000000000e+00 0.000000000e+00 3.205505330e-03 0.000000000e+00
6.645245699e+03 2.836407289e-03 0.000000000e+00 0.000000000e+00 0.000000000e+00 2.836407289e-03 0.000000000e+00
7.044766588e+03 2.566802318e-03 0.000000000e+00 0.000000000e+00 0.000000000e+00 2.566802318e-03 0.000000000e+00
7.468307196e+03 2.254715461e-03 0.000000000e+00 0.000000000e+00 0.000000000e+00 2.254715461e-03 0.000000000e+00
7.917311621e+03 2.016917670e-03 0.000000000e+00 0.000000000e+00 0.000000000e+00 2.016917670e-03 0.000000000e+00
8.393310782e+03 1.807031411e-03 0.000000000e+00 0.000000000e+00 0.000000000e+00 1.807031411e-03 0.000000000e+00
8.897927636e+03 1.602974057e-03 0.000000000e+00 0.000000000e+00 0.000000000e+00 1.602974057e-03 0.000000000e+00
9.432882717e+03 1.433139235e-03 0.000000000e+00 0.000000000e+00 0.000000000e+00 1.433139235e-03 0.000000000e+00
1.000000000e+04 1.147926720e-03 0.000000000e+00 0.000000000e+00 0.000000000e+00 1.147926720e-03 0.000000000e+00
