# column 1: wavelength (micron)
# column 2: total flux; F_nu (Jy)
# column 3: transparent flux; F_nu (Jy)
# column 4: direct primary flux; F_nu (Jy)
# column 5: scattered primary flux; F_nu (Jy)
# column 6: direct secondary flux; F_nu (Jy)
# column 7: scattered secondary flux; F_nu (Jy)
9.000000000e-02 1.258328802e-02 3.379836463e-02 1.081191982e-02 1.771368205e-03 0.000000000e+00 0.000000000e+00
9.541091806e-02 6.921206505e-02 1.755870339e-01 5.927022117e-02 9.941843879e-03 0.000000000e+00 0.000000000e+00
1.011471476e-01 9.182340964e-02 2.094279334e-01 7.777103961e-02 1.405237003e-02 0.000000000e+00 0.000000000e+00
1.072282468e-01 1.160995544e-01 2.375217878e-01 9.741028700e-02 1.868926745e-02 0.000000000e+00 0.000000000e+00
1.136749497e-01 1.257938654e-01 2.377145319e-01 1.050593779e-01 2.073448744e-02 0.000000000e+00 0.000000000e+00
1.205092367e-01 1.123951049e-01 1.998046395e-01 9.337297179e-02 1.902213313e-02 0.000000000e+00 0.000000000e+00
1.277544101e-01 1.357919125e-01 2.301568592e-01 1.126096931e-01 2.318221934e-02 0.000000000e+00 0.000000000e+00
1.354351729e-01 1.439949054e-01 2.331019934e-01 1.188096483e-01 2.518525714e-02 0.000000000e+00 0.000000000e+00
1.435777131e-01 1.437436972e-01 2.234153794e-01 1.182795359e-01 2.546416127e-02 0.000000000e+00 0.000000000e+00
1.522097936e-01 1.477055904e-01 2.171444173e-01 1.207715390e-01 2.693405137e-02 0.000000000e+00 0.000000000e+00
1.613608460e-01 1.493853880e-01 2.100450430e-01 1.212292261e-01 2.815616190e-02 0.000000000e+00 0.000000000e+00
1.710620718e-01 1.523917360e-01 2.083451064e-01 1.223165296e-01 3.007520637e-02 0.000000000e+00 0.000000000e+00
1.813465479e-01 1.510008443e-01 2.023037717e-01 1.191708450e-01 3.182999932e-02 0.000000000e+00 0.000000000e+00
1.922493402e-01 1.485195575e-01 1.964192557e-01 1.144130348e-01 3.410652269e-02 0.000000000e+00 0.000000000e+00
2.038076228e-01 1.436736319e-01 1.884863888e-01 1.069535229e-01 3.672010905e-02 0.000000000e+00 0.000000000e+00
2.160608044e-01 1.446075961e-01 1.870780863e-01 1.054340761e-01 3.917352004e-02 0.000000000e+00 0.000000000e+00
2.290506634e-01 1.431834136e-01 1.782450287e-01 1.028973530e-01 4.028606057e-02 0.000000000e+00 0.000000000e+00
2.428214897e-01 1.412338590e-01 1.704481881e-01 9.977970835e-02 4.145415068e-02 0.000000000e+00 0.000000000e+00
2.574202362e-01 1.402159787e-01 1.666433180e-01 9.870365636e-02 4.151232232e-02 0.000000000e+00 0.000000000e+00
2.728966785e-01 1.417719434e-01 1.661832360e-01 9.877847761e-02 4.299346582e-02 0.000000000e+00 0.000000000e+00
2.893035848e-01 1.437025482e-01 1.677107149e-01 1.002926216e-01 4.340992665e-02 0.000000000e+00 0.000000000e+00
3.066968958e-01 1.453156390e-01 1.677638549e-01 1.016877503e-01 4.362788877e-02 0.000000000e+00 0.000000000e+00
3.251359155e-01 1.464642509e-01 1.685311325e-01 1.020039297e-01 4.446032117e-02 0.000000000e+00 0.000000000e+00
3.446835132e-01 1.484925868e-01 1.702591797e-01 1.026951949e-01 4.579739187e-02 0.000000000e+00 0.000000000e+00
3.654063382e-01 1.578367771e-01 1.793621167e-01 1.094063891e-01 4.843038805e-02 0.000000000e+00 0.000000000e+00
3.873750465e-01 2.430119792e-01 2.742225482e-01 1.689887169e-01 7.402326230e-02 0.000000000e+00 0.000000000e+00
4.106645425e-01 2.911952573e-01 3.280859035e-01 2.047711596e-01 8.642409770e-02 0.000000000e+00 0.000000000e+00
4.353542335e-01 2.861286896e-01 3.203751258e-01 2.020412308e-01 8.408745876e-02 0.000000000e+00 0.000000000e+00
4.615283011e-01 2.992056812e-01 3.335522746e-01 2.120305467e-01 8.717513455e-02 0.000000000e+00 0.000000000e+00
4.892759879e-01 2.852620840e-01 3.172928482e-01 2.039247483e-01 8.133733577e-02 0.000000000e+00 0.000000000e+00
5.186919022e-01 2.902589628e-01 3.211200383e-01 2.106014154e-01 7.965754741e-02 0.000000000e+00 0.000000000e+00
5.498763397e-01 2.950053044e-01 3.241077038e-01 2.168434054e-01 7.816189897e-02 0.000000000e+00 0.000000000e+00
5.829356266e-01 2.992964279e-01 3.267510934e-01 2.225366875e-01 7.675974048e-02 0.000000000e+00 0.000000000e+00
6.179824811e-01 3.027863256e-01 3.295991054e-01 2.280056253e-01 7.478070036e-02 0.000000000e+00 0.000000000e+00
6.551363985e-01 3.002351803e-01 3.253856242e-01 2.285012709e-01 7.173390944e-02 0.000000000e+00 0.000000000e+00
6.945240582e-01 3.055763765e-01 3.300121346e-01 2.367214457e-01 6.885493085e-02 0.000000000e+00 0.000000000e+00
7.362797556e-01 3.097880780e-01 3.325466519e-01 2.452873938e-01 6.450068427e-02 0.000000000e+00 0.000000000e+00
7.805458603e-01 3.082683096e-01 3.293106460e-01 2.479802024e-01 6.028810723e-02 0.000000000e+00 0.000000000e+00
8.274733014e-01 3.036110564e-01 3.239829679e-01 2.480840563e-01 5.552700011e-02 0.000000000e+00 0.000000000e+00
8.772220817e-01 3.065848830e-01 3.255928426e-01 2.533915777e-01 5.319330532e-02 0.000000000e+00 0.000000000e+00
9.299618239e-01 3.106415706e-01 3.287680444e-01 2.612143963e-01 4.942717424e-02 0.000000000e+00 0.000000000e+00
9.858723487e-01 3.039191056e-01 3.204372017e-01 2.602948084e-01 4.362429716e-02 3.554141175e-139 5.832456952e-140
1.045144288e+00 2.930957092e-01 3.077225432e-01 2.552143908e-01 3.788131839e-02 3.839249286e-131 6.240524669e-132
1.107979733e+00 2.781172677e-01 2.912001141e-01 2.453154777e-01 3.280179005e-02 1.906641485e-123 3.908486849e-124
1.174592928e+00 2.708395453e-01 2.830337495e-01 2.418833355e-01 2.895620981e-02 2.968950500e-116 3.938264375e-117
1.245210996e+00 2.604547468e-01 2.711749482e-01 2.352516310e-01 2.520311574e-02 2.942545916e-109 5.285509352e-110
1.320074714e+00 2.585002601e-01 2.684583149e-01 2.367202605e-01 2.177999963e-02 3.805876622e-103 3.893739300e-104
1.399439338e+00 2.536145122e-01 2.628669692e-01 2.349872855e-01 1.862722673e-02 6.010781976e-97 5.686419305e-98
1.483575466e+00 2.518641169e-01 2.603986117e-01 2.355485115e-01 1.631560545e-02 3.195862643e-91 2.369319019e-92
1.572769969e+00 2.542986533e-01 2.624620374e-01 2.399529088e-01 1.434574448e-02 7.137577513e-86 4.997837918e-87
1.667326963e+00 2.569747482e-01 2.645540858e-01 2.442199482e-01 1.275480004e-02 9.941453068e-81 6.710824086e-82
1.767568847e+00 2.424676514e-01 2.491311111e-01 2.321793963e-01 1.028825511e-02 7.550596541e-76 4.524321193e-77
1.873837405e+00 2.217149357e-01 2.273052025e-01 2.136835586e-01 8.031377149e-03 2.166524407e-71 1.138880709e-72
1.986494968e+00 2.117719863e-01 2.167365452e-01 2.052605923e-01 6.511394006e-03 4.392620105e-67 1.729060039e-68
2.105925651e+00 1.951046726e-01 1.994087753e-01 1.900083824e-01 5.096290229e-03 4.975736402e-63 1.532173698e-64
2.232536664e+00 1.782877622e-01 1.819618250e-01 1.743770590e-01 3.910703181e-03 2.801206096e-59 7.748958106e-61
2.366759696e+00 1.605687150e-01 1.635923806e-01 1.575923017e-01 2.976413329e-03 1.312373029e-55 3.026542373e-57
2.509052394e+00 1.374919952e-01 1.398682422e-01 1.353499831e-01 2.142012126e-03 2.989799216e-52 5.565912432e-54
2.659899915e+00 1.371069993e-01 1.393291305e-01 1.353466392e-01 1.760360150e-03 4.917996469e-49 7.093009972e-51
2.819816587e+00 1.338152443e-01 1.358145764e-01 1.324019603e-01 1.413284023e-03 5.091061709e-46 6.242007360e-48
2.989347660e+00 1.113139956e-01 1.128683877e-01 1.103468632e-01 9.671324059e-04 3.851060422e-43 3.921560354e-45
3.169071162e+00 1.001887496e-01 1.014956207e-01 9.947888199e-02 7.098676054e-04 1.706028758e-40 1.410903897e-42
3.359599877e+00 9.852456036e-02 9.970854983e-02 9.795853823e-02 5.660221239e-04 5.674014998e-38 3.794491746e-40
3.561583429e+00 9.424451793e-02 9.529064913e-02 9.380739232e-02 4.371256163e-04 1.408367161e-35 7.642015340e-38
3.775710497e+00 7.900595687e-02 7.982520778e-02 7.870988987e-02 2.960670007e-04 2.446666076e-33 1.039825476e-35
4.002711165e+00 7.233947830e-02 7.303633433e-02 7.212086555e-02 2.186127474e-04 3.164558315e-31 1.087659885e-33
4.243359411e+00 6.910095073e-02 6.971057281e-02 6.893565405e-02 1.652966840e-04 3.254561655e-29 8.748419471e-32
4.498475745e+00 5.874012041e-02 5.922595860e-02 5.862811470e-02 1.120057039e-04 2.369689696e-27 5.152995055e-30
4.768930007e+00 5.140928037e-02 5.180904612e-02 5.133171515e-02 7.756521610e-05 1.407767565e-25 2.408906069e-28
5.055644335e+00 4.610159414e-02 4.643609794e-02 4.604738132e-02 5.421282487e-05 6.497152999e-24 8.627071260e-27
5.359596304e+00 4.219546659e-02 4.248460582e-02 4.215694396e-02 3.852262752e-05 2.435837920e-22 2.470497387e-25
5.681822265e+00 3.972619324e-02 3.998477212e-02 3.969821233e-02 2.798090126e-05 7.394561923e-21 5.840625026e-24
6.023420872e+00 3.608701275e-02 3.631622154e-02 3.606746891e-02 1.954383663e-05 1.819647874e-19 1.095592537e-22
6.385556837e+00 3.270193598e-02 3.290701317e-02 3.268861986e-02 1.331611986e-05 3.641471313e-18 1.655038620e-21
6.769464890e+00 2.883695599e-02 2.900887389e-02 2.882824432e-02 8.711671624e-06 6.259489107e-17 2.104338073e-20
7.176453999e+00 2.613181697e-02 2.629136002e-02 2.612635512e-02 5.461844310e-06 9.382827628e-16 2.188878539e-19
7.607911827e+00 2.331754298e-02 2.350881485e-02 2.331430890e-02 3.234071494e-06 1.305774085e-14 2.005718126e-18
8.065309466e+00 2.114636564e-02 2.148561988e-02 2.114428704e-02 2.078605388e-06 1.947130100e-13 2.227422648e-17
8.550206451e+00 1.882795577e-02 1.939620162e-02 1.882610041e-02 1.855356000e-06 2.862321328e-12 3.509616949e-16
9.064256079e+00 1.730990948e-02 1.808000030e-02 1.730769054e-02 2.218901571e-06 3.492002188e-11 5.766308779e-15
9.609211044e+00 1.559976705e-02 1.641399331e-02 1.559722626e-02 2.540480112e-06 3.171154808e-10 6.160408309e-14
1.018692942e+01 1.412579469e-02 1.478039168e-02 1.412365738e-02 2.135077622e-06 2.238133076e-09 4.001866589e-13
1.079938098e+01 1.238361821e-02 1.284746438e-02 1.238206764e-02 1.537892634e-06 1.266877640e-08 1.778455217e-12
1.144865393e+01 1.090179470e-02 1.120993355e-02 1.090078783e-02 9.467307365e-07 6.013135382e-08 5.670211033e-12
1.213696202e+01 9.434809765e-03 9.639525881e-03 9.434051051e-03 5.002314625e-07 2.584691685e-07 1.374015327e-11
1.286665210e+01 8.267145369e-03 8.401124272e-03 8.265939895e-03 1.992579926e-07 1.006197848e-06 1.814666880e-11
1.364021210e+01 7.256290757e-03 7.345988933e-03 7.252553258e-03 2.727584953e-08 3.710217035e-06 6.022853993e-12
1.446027954e+01 6.331931000e-03 6.392458862e-03 6.317091753e-03 8.283934765e-11 1.483916371e-05 6.798933226e-14
1.532965052e+01 5.539840403e-03 5.552641340e-03 5.478849072e-03 0.000000000e+00 6.099133176e-05 0.000000000e+00
1.625128922e+01 4.953786442e-03 4.786942071e-03 4.712457984e-03 0.000000000e+00 2.413284577e-04 0.000000000e+00
1.722833804e+01 4.953177295e-03 4.156609870e-03 4.083258735e-03 0.000000000e+00 8.699185591e-04 0.000000000e+00
1.826412832e+01 6.227233366e-03 3.641035748e-03 3.574187194e-03 0.000000000e+00 2.653046172e-03 0.000000000e+00
1.936219168e+01 1.018101401e-02 3.173565736e-03 3.117696601e-03 0.000000000e+00 7.063317413e-03 0.000000000e+00
2.052627204e+01 1.899170823e-02 2.802252015e-03 2.758744544e-03 0.000000000e+00 1.623296368e-02 0.000000000e+00
2.176033844e+01 3.849883530e-02 2.410921352e-03 2.377858546e-03 0.000000000e+00 3.612097676e-02 0.000000000e+00
2.306859853e+01 7.576509678e-02 2.213819861e-03 2.186941708e-03 0.000000000e+00 7.357815507e-02 0.000000000e+00
2.445551294e+01 1.488768543e-01 1.961126599e-03 1.940115036e-03 0.000000000e+00 1.469367392e-01 0.000000000e+00
2.592581045e+01 2.734620921e-01 1.765488781e-03 1.748589844e-03 0.000000000e+00 2.717135022e-01 0.000000000e+00
2.748450419e+01 4.873582031e-01 1.574969244e-03 1.561630417e-03 0.000000000e+00 4.857965727e-01 0.000000000e+00
2.913690863e+01 8.284152091e-01 1.396993415e-03 1.386430604e-03 0.000000000e+00 8.270287785e-01 0.000000000e+00
3.088865780e+01 1.357294399e+00 1.229297948e-03 1.220907612e-03 0.000000000e+00 1.356073491e+00 0.000000000e+00
3.274572442e+01 2.125348641e+00 1.102215338e-03 1.095535384e-03 0.000000000e+00 2.124253106e+00 0.000000000e+00
3.471444033e+01 3.182391273e+00 9.808483389e-04 9.755157617e-04 0.000000000e+00 3.181415757e+00 0.000000000e+00
3.680151802e+01 4.668840944e+00 8.820436968e-04 8.776616949e-04 0.000000000e+00 4.667963283e+00 0.000000000e+00
3.901407356e+01 6.588925166e+00 7.836061029e-04 7.801945366e-04 0.000000000e+00 6.588144971e+00 0.000000000e+00
4.135965084e+01 8.916812661e+00 6.984313063e-04 6.956826771e-04 0.000000000e+00 8.916116978e+00 0.000000000e+00
4.384624730e+01 1.172630818e+01 6.201934895e-04 6.180308030e-04 0.000000000e+00 1.172569015e+01 0.000000000e+00
4.648234121e+01 1.492582441e+01 5.483357942e-04 5.466295749e-04 0.000000000e+00 1.492527778e+01 0.000000000e+00
4.927692053e+01 1.853635071e+01 4.867978323e-04 4.854548715e-04 0.000000000e+00 1.853586526e+01 0.000000000e+00
5.223951363e+01 2.233535961e+01 4.343714522e-04 4.333007722e-04 0.000000000e+00 2.233492631e+01 0.000000000e+00
5.538022172e+01 2.623010796e+01 3.832689906e-04 3.824347054e-04 0.000000000e+00 2.622972553e+01 0.000000000e+00
5.870975330e+01 3.017923790e+01 3.488778989e-04 3.482061301e-04 0.000000000e+00 3.017888970e+01 0.000000000e+00
6.223946068e+01 3.394138215e+01 3.086143596e-04 3.080890141e-04 0.000000000e+00 3.394107407e+01 0.000000000e+00
6.598137870e+01 3.713333458e+01 2.724385311e-04 2.720298594e-04 0.000000000e+00 3.713306255e+01 0.000000000e+00
6.994826574e+01 4.012536084e+01 2.425456636e-04 2.422247387e-04 0.000000000e+00 4.012511861e+01 0.000000000e+00
7.415364723e+01 4.248014612e+01 2.134545845e-04 2.132057389e-04 0.000000000e+00 4.247993291e+01 0.000000000e+00
7.861186177e+01 4.416683679e+01 1.921318200e-04 1.919317530e-04 0.000000000e+00 4.416664486e+01 0.000000000e+00
8.333811002e+01 4.510299892e+01 1.697140747e-04 1.695595514e-04 0.000000000e+00 4.510282936e+01 0.000000000e+00
8.834850651e+01 4.563586822e+01 1.528946633e-04 1.527712827e-04 0.000000000e+00 4.563571544e+01 0.000000000e+00
9.366013462e+01 4.535104167e+01 1.350128575e-04 1.349172286e-04 0.000000000e+00 4.535090675e+01 0.000000000e+00
9.929110477e+01 4.438905806e+01 7.778456259e-05 7.773437086e-05 0.000000000e+00 4.438898033e+01 0.000000000e+00
1.052606162e+02 4.282866450e+01 0.000000000e+00 0.000000000e+00 0.000000000e+00 4.282866450e+01 0.000000000e+00
1.115890226e+02 4.112287651e+01 0.000000000e+00 0.000000000e+00 0.000000000e+00 4.112287651e+01 0.000000000e+00
1.182979010e+02 3.900556003e+01 0.000000000e+00 0.000000000e+00 0.000000000e+00 3.900556003e+01 0.000000000e+00
1.254101260e+02 3.645599322e+01 0.000000000e+00 0.000000000e+00 0.000000000e+00 3.645599322e+01 0.000000000e+00
1.329499472e+02 3.404420032e+01 0.000000000e+00 0.000000000e+00 0.000000000e+00 3.404420032e+01 0.000000000e+00
1.409430725e+02 3.100601265e+01 0.000000000e+00 0.000000000e+00 0.000000000e+00 3.100601265e+01 0.000000000e+00
1.494167549e+02 2.821314315e+01 0.000000000e+00 0.000000000e+00 0.000000000e+00 2.821314315e+01 0.000000000e+00
1.583998862e+02 2.502513322e+01 0.000000000e+00 0.000000000e+00 0.000000000e+00 2.502513322e+01 0.000000000e+00
1.679230951e+02 2.240836399e+01 0.000000000e+00 0.000000000e+00 0.000000000e+00 2.240836399e+01 0.000000000e+00
1.780188519e+02 1.975140294e+01 0.000000000e+00 0.000000000e+00 0.000000000e+00 1.975140294e+01 0.000000000e+00
1.887215788e+02 1.739792412e+01 0.000000000e+00 0.000000000e+00 0.000000000e+00 1.739792412e+01 0.000000000e+00
2.000677676e+02 1.528283471e+01 0.000000000e+00 0.000000000e+00 0.000000000e+00 1.528283471e+01 0.000000000e+00
2.120961043e+02 1.321715704e+01 0.000000000e+00 0.000000000e+00 0.000000000e+00 1.321715704e+01 0.000000000e+00
2.248476003e+02 1.129599996e+01 0.000000000e+00 0.000000000e+00 0.000000000e+00 1.129599996e+01 0.000000000e+00
2.383657330e+02 9.764878691e+00 0.000000000e+00 0.000000000e+00 0.000000000e+00 9.764878691e+00 0.000000000e+00
2.526965935e+02 8.288993132e+00 0.000000000e+00 0.000000000e+00 0.000000000e+00 8.288993132e+00 0.000000000e+00
2.678890442e+02 7.001404382e+00 0.000000000e+00 0.000000000e+00 0.000000000e+00 7.001404382e+00 0.000000000e+00
2.839948849e+02 5.937003857e+00 0.000000000e+00 0.000000000e+00 0.000000000e+00 5.937003857e+00 0.000000000e+00
3.010690299e+02 5.015866841e+00 0.000000000e+00 0.000000000e+00 0.000000000e+00 5.015866841e+00 0.000000000e+00
3.191696949e+02 4.194237185e+00 0.000000000e+00 0.000000000e+00 0.000000000e+00 4.194237185e+00 0.000000000e+00
3.383585957e+02 3.511981498e+00 0.000000000e+00 0.000000000e+00 0.000000000e+00 3.511981498e+00 0.000000000e+00
3.587011583e+02 2.942448740e+00 0.000000000e+00 0.000000000e+00 0.000000000e+00 2.942448740e+00 0.000000000e+00
3.802667425e+02 2.448081873e+00 0.000000000e+00 0.000000000e+00 0.000000000e+00 2.448081873e+00 0.000000000e+00
4.031288779e+02 2.026601060e+00 0.000000000e+00 0.000000000e+00 0.000000000e+00 2.026601060e+00 0.000000000e+00
4.273655148e+02 1.645512213e+00 0.000000000e+00 0.000000000e+00 0.000000000e+00 1.645512213e+00 0.000000000e+00
4.530592901e+02 1.356293921e+00 0.000000000e+00 0.000000000e+00 0.000000000e+00 1.356293921e+00 0.000000000e+00
4.802978090e+02 1.137240863e+00 0.000000000e+00 0.000000000e+00 0.000000000e+00 1.137240863e+00 0.000000000e+00
5.091739433e+02 9.089753659e-01 0.000000000e+00 0.000000000e+00 0.000000000e+00 9.089753659e-01 0.000000000e+00
5.397861487e+02 7.466149800e-01 0.000000000e+00 0.000000000e+00 0.000000000e+00 7.466149800e-01 0.000000000e+00
5.722388000e+02 6.136130642e-01 0.000000000e+00 0.000000000e+00 0.000000000e+00 6.136130642e-01 0.000000000e+00
6.066425473e+02 4.947973759e-01 0.000000000e+00 0.000000000e+00 0.000000000e+00 4.947973759e-01 0.000000000e+00
6.431146930e+02 4.045677583e-01 0.000000000e+00 0.000000000e+00 0.000000000e+00 4.045677583e-01 0.000000000e+00
6.817795920e+02 3.325964109e-01 0.000000000e+00 0.000000000e+00 0.000000000e+00 3.325964109e-01 0.000000000e+00
7.227690754e+02 2.693074011e-01 0.000000000e+00 0.000000000e+00 0.000000000e+00 2.693074011e-01 0.000000000e+00
7.662229003e+02 2.174976816e-01 0.000000000e+00 0.000000000e+00 0.000000000e+00 2.174976816e-01 0.000000000e+00
8.122892262e+02 1.757534894e-01 0.000000000e+00 0.000000000e+00 0.000000000e+00 1.757534894e-01 0.000000000e+00
8.611251200e+02 1.425767024e-01 0.000000000e+00 0.000000000e+00 0.000000000e+00 1.425767024e-01 0.000000000e+00
9.128970918e+02 1.153522897e-01 0.000000000e+00 0.000000000e+00 0.000000000e+00 1.153522897e-01 0.000000000e+00
9.677816625e+02 9.179597220e-02 0.000000000e+00 0.000000000e+00 0.000000000e+00 9.179597220e-02 0.000000000e+00
1.025965966e+03 7.801211919e-02 0.000000000e+00 0.000000000e+00 0.000000000e+00 7.801211919e-02 0.000000000e+00
1.087648385e+03 7.125819343e-02 0.000000000e+00 0.000000000e+00 0.000000000e+00 7.125819343e-02 0.000000000e+00
1.153039233e+03 6.437561703e-02 0.000000000e+00 0.000000000e+00 0.000000000e+00 6.437561703e-02 0.000000000e+00
1.222361464e+03 5.740317122e-02 0.000000000e+00 0.000000000e+00 0.000000000e+00 5.740317122e-02 0.000000000e+00
1.295851439e+03 5.209326769e-02 0.000000000e+00 0.000000000e+00 0.000000000e+00 5.209326769e-02 0.000000000e+00
1.373759727e+03 4.632135906e-02 0.000000000e+00 0.000000000e+00 0.000000000e+00 4.632135906e-02 0.000000000e+00
1.456351964e+03 4.174495682e-02 0.000000000e+00 0.000000000e+00 0.000000000e+00 4.174495682e-02 0.000000000e+00
1.543909754e+03 3.731425051e-02 0.000000000e+00 0.000000000e+00 0.000000000e+00 3.731425051e-02 0.000000000e+00
1.636731634e+03 3.392735029e-02 0.000000000e+00 0.000000000e+00 0.000000000e+00 3.392735029e-02 0.000000000e+00
1.735134087e+03 3.056040410e-02 0.000000000e+00 0.000000000e+00 0.000000000e+00 3.056040410e-02 0.000000000e+00
1.839452624e+03 2.693988206e-02 0.000000000e+00 0.000000000e+00 0.000000000e+00 2.693988206e-02 0.000000000e+00
1.950042929e+03 2.410740385e-02 0.000000000e+00 0.000000000e+00 0.000000000e+00 2.410740385e-02 0.000000000e+00
2.067282068e+03 2.174036116e-02 0.000000000e+00 0.000000000e+00 0.000000000e+00 2.174036116e-02 0.000000000e+00
2.191569778e+03 1.946186937e-02 0.000000000e+00 0.000000000e+00 0.000000000e+00 1.946186937e-02 0.000000000e+00
2.323329827e+03 1.753150172e-02 0.000000000e+00 0.000000000e+00 0.000000000e+00 1.753150172e-02 0.000000000e+00
2.463011464e+03 1.580732894e-02 0.000000000e+00 0.000000000e+00 0.000000000e+00 1.580732894e-02 0.000000000e+00
2.611090944e+03 1.389449297e-02 0.000000000e+00 0.000000000e+00 0.000000000e+00 1.389449297e-02 0.000000000e+00
2.768073157e+03 1.257304970e-02 0.000000000e+00 0.000000000e+00 0.000000000e+00 1.257304970e-02 0.000000000e+00
2.934493346e+03 1.127461025e-02 0.000000000e+00 0.000000000e+00 0.000000000e+00 1.127461025e-02 0.000000000e+00
3.110918936e+03 1.008219968e-02 0.000000000e+00 0.000000000e+00 0.000000000e+00 1.008219968e-02 0.000000000e+00
3.297951463e+03 9.055500074e-03 0.000000000e+00 0.000000000e+00 0.000000000e+00 9.055500074e-03 0.000000000e+00
3.496228631e+03 8.017945309e-03 0.000000000e+00 0.000000000e+00 0.000000000e+00 8.017945309e-03 0.000000000e+00
3.706426483e+03 7.233973179e-03 0.000000000e+00 0.000000000e+00 0.000000000e+00 7.233973179e-03 0.000000000e+00
3.929261705e+03 6.405275072e-03 0.000000000e+00 0.000000000e+00 0.000000000e+00 6.405275072e-03 0.000000000e+00
4.165494073e+03 5.785457446e-03 0.000000000e+00 0.000000000e+00 0.000000000e+00 5.785457446e-03 0.000000000e+00
4.415929040e+03 5.099973282e-03 0.000000000e+00 0.000000000e+00 0.000000000e+00 5.099973282e-03 0.000000000e+00
4.681420487e+03 4.600267329e-03 0.000000000e+00 0.000000000e+00 0.000000000e+00 4.600267329e-03 0.000000000e+00
4.962873628e+03 4.054631170e-03 0.000000000e+00 0.000000000e+00 0.000000000e+00 4.054631170e-03 0.000000000e+00
5.261248100e+03 3.635580935e-03 0.000000000e+00 0.000000000e+00 0.000000000e+00 3.635580935e-03 0.000000000e+00
5.577561237e+03 3.281702369e-03 0.000000000e+00 0.000000000e+00 0.000000000e+00 3.281702369e-03 0.000000000e+00
5.912891535e+03 2.886774324e-03 0.000000000e+00 0.000000000e+00 0.000000000e+00 2.886774324e-03 0.000000000e+00
6.268382331e+03 2.589085862e-03 0.000000000e+00 0.000000000e+00 0.000000000e+00 2.589085862e-03 0.000000000e+00
6.645245699e+03 2.317112517e-03 0.000000000e+00 0.000000000e+00 0.000000000e+00 2.317112517e-03 0.000000000e+00
7.044766588e+03 2.072733014e-03 0.000000000e+00 0.000000000e+00 0.000000000e+00 2.072733014e-03 0.000000000e+00
7.468307196e+03 1.805426863e-03 0.000000000e+00 0.000000000e+00 0.000000000e+00 1.805426863e-03 0.000000000e+00
7.917311621e+03 1.641025463e-03 0.000000000e+00 0.000000000e+00 0.000000000e+00 1.641025463e-03 0.000000000e+00
8.393310782e+03 1.460589744e-03 0.000000000e+00 0.000000000e+00 0.000000000e+00 1.460589744e-03 0.000000000e+00
8.897927636e+03 1.293430945e-03 0.000000000e+00 0.000000000e+00 0.000000000e+00 1.293430945e-03 0.000000000e+00
9.432882717e+03 1.160353318e-03 0.000000000e+00 0.000000000e+00 0.000000000e+00 1.160353318e-03 0.000000000e+00
1.000000000e+04 9.298570885e-04 0.000000000e+00 0.000000000e+00 0.000000000e+00 9.298570885e-04 0.000000000e+00
