# column 1: wavelength (micron)
# column 2: total flux; F_nu (Jy)
# column 3: transparent flux; F_nu (Jy)
# column 4: direct primary flux; F_nu (Jy)
# column 5: scattered primary flux; F_nu (Jy)
# column 6: direct secondary flux; F_nu (Jy)
# column 7: scattered secondary flux; F_nu (Jy)
9.000000000e-02 2.516838747e-03 3.365546001e-02 1.720445787e-03 7.963929591e-04 0.000000000e+00 0.000000000e+00
9.541091806e-02 1.602449748e-02 1.753893518e-01 1.091183404e-02 5.112663436e-03 0.000000000e+00 0.000000000e+00
1.011471476e-01 2.839331335e-02 2.095933127e-01 1.999141206e-02 8.401901295e-03 0.000000000e+00 0.000000000e+00
1.072282468e-01 5.097429170e-02 2.377836548e-01 3.805195273e-02 1.292233897e-02 0.000000000e+00 0.000000000e+00
1.136749497e-01 6.680946503e-02 2.382823331e-01 5.112456261e-02 1.568490241e-02 0.000000000e+00 0.000000000e+00
1.205092367e-01 5.925054290e-02 1.998098402e-01 4.385427217e-02 1.539627073e-02 0.000000000e+00 0.000000000e+00
1.277544101e-01 8.837562304e-02 2.297310405e-01 6.895732570e-02 1.941829734e-02 0.000000000e+00 0.000000000e+00
1.354351729e-01 1.045734939e-01 2.333717638e-01 8.340707648e-02 2.116641740e-02 0.000000000e+00 0.000000000e+00
1.435777131e-01 1.139372960e-01 2.238448780e-01 9.164392932e-02 2.229336673e-02 0.000000000e+00 0.000000000e+00
1.522097936e-01 1.263293095e-01 2.172609723e-01 1.006367297e-01 2.569257982e-02 0.000000000e+00 0.000000000e+00
1.613608460e-01 1.387432648e-01 2.110683332e-01 1.091885895e-01 2.955467526e-02 0.000000000e+00 0.000000000e+00
1.710620718e-01 1.476403113e-01 2.060963653e-01 1.148514437e-01 3.278886761e-02 0.000000000e+00 0.000000000e+00
1.813465479e-01 1.531307032e-01 2.022251480e-01 1.193032468e-01 3.382745638e-02 0.000000000e+00 0.000000000e+00
1.922493402e-01 1.517063108e-01 1.965926285e-01 1.189058796e-01 3.280043119e-02 0.000000000e+00 0.000000000e+00
2.038076228e-01 1.442670323e-01 1.884681610e-01 1.141885177e-01 3.007851464e-02 0.000000000e+00 0.000000000e+00
2.160608044e-01 1.443054014e-01 1.870876540e-01 1.162429473e-01 2.806245409e-02 0.000000000e+00 0.000000000e+00
2.290506634e-01 1.441556893e-01 1.777023119e-01 1.187016709e-01 2.545401841e-02 0.000000000e+00 0.000000000e+00
2.428214897e-01 1.451944209e-01 1.701858752e-01 1.217606305e-01 2.343379039e-02 0.000000000e+00 0.000000000e+00
2.574202362e-01 1.480101655e-01 1.676871511e-01 1.267530101e-01 2.125715539e-02 0.000000000e+00 0.000000000e+00
2.728966785e-01 1.496732766e-01 1.663444041e-01 1.311218814e-01 1.855139511e-02 0.000000000e+00 0.000000000e+00
2.893035848e-01 1.528726141e-01 1.672535182e-01 1.370191204e-01 1.585349375e-02 0.000000000e+00 0.000000000e+00
3.066968958e-01 1.564790868e-01 1.690261658e-01 1.429144445e-01 1.356464227e-02 0.000000000e+00 0.000000000e+00
3.251359155e-01 1.571846266e-01 1.679377677e-01 1.455580584e-01 1.162656824e-02 0.000000000e+00 0.000000000e+00
3.446835132e-01 1.604628445e-01 1.701189752e-01 1.504084126e-01 1.005443190e-02 0.000000000e+00 0.000000000e+00
3.654063382e-01 1.712040302e-01 1.799238793e-01 1.620132246e-01 9.190805581e-03 0.000000000e+00 0.000000000e+00
3.873750465e-01 2.644275050e-01 2.750137202e-01 2.537472016e-01 1.068030343e-02 0.000000000e+00 0.000000000e+00
4.106645425e-01 3.170570513e-01 3.276168605e-01 3.066894950e-01 1.036755625e-02 0.000000000e+00 0.000000000e+00
4.353542335e-01 3.122472383e-01 3.215716083e-01 3.033811147e-01 8.866123619e-03 0.000000000e+00 0.000000000e+00
4.615283011e-01 3.243757189e-01 3.328333633e-01 3.165265965e-01 7.849122352e-03 0.000000000e+00 0.000000000e+00
4.892759879e-01 3.096232800e-01 3.169723353e-01 3.030185352e-01 6.604744748e-03 0.000000000e+00 0.000000000e+00
5.186919022e-01 3.142713392e-01 3.208360075e-01 3.085519072e-01 5.719431975e-03 0.000000000e+00 0.000000000e+00
5.498763397e-01 3.168533606e-01 3.228232898e-01 3.119266990e-01 4.926661558e-03 0.000000000e+00 0.000000000e+00
5.829356266e-01 3.218230695e-01 3.271748329e-01 3.175382599e-01 4.284809596e-03 0.000000000e+00 0.000000000e+00
6.179824811e-01 3.229573009e-01 3.278546650e-01 3.192154411e-01 3.741859786e-03 0.000000000e+00 0.000000000e+00
6.551363985e-01 3.205163021e-01 3.249197438e-01 3.172941135e-01 3.222188637e-03 0.000000000e+00 0.000000000e+00
6.945240582e-01 3.262835752e-01 3.303307322e-01 3.234406540e-01 2.842921260e-03 0.000000000e+00 0.000000000e+00
7.362797556e-01 3.261815729e-01 3.298198791e-01 3.237953632e-01 2.386209692e-03 0.000000000e+00 0.000000000e+00
7.805458603e-01 3.265854731e-01 3.298884609e-01 3.245202753e-01 2.065197786e-03 0.000000000e+00 0.000000000e+00
8.274733014e-01 3.205342465e-01 3.234643170e-01 3.187791894e-01 1.755057120e-03 0.000000000e+00 0.000000000e+00
8.772220817e-01 3.253684846e-01 3.280693221e-01 3.238123488e-01 1.556135781e-03 0.000000000e+00 0.000000000e+00
9.299618239e-01 3.233514921e-01 3.258374248e-01 3.220263961e-01 1.325096031e-03 0.000000000e+00 0.000000000e+00
9.858723487e-01 3.204074365e-01 3.226101792e-01 3.192865775e-01 1.120858986e-03 3.758101543e-57 4.250736748e-59
1.045144288e+00 3.079184289e-01 3.098454650e-01 3.069990770e-01 9.193519275e-04 1.272518285e-53 1.194087517e-55
1.107979733e+00 2.927689354e-01 2.944486905e-01 2.920232116e-01 7.457238349e-04 2.303587712e-50 1.931051637e-52
1.174592928e+00 2.817213430e-01 2.832117210e-01 2.810987660e-01 6.225770143e-04 2.764132869e-47 1.973707197e-49
1.245210996e+00 2.709610880e-01 2.722533118e-01 2.704458000e-01 5.152879946e-04 2.367518905e-44 1.444433580e-46
1.320074714e+00 2.664567741e-01 2.676235898e-01 2.660309235e-01 4.258505470e-04 1.287106095e-41 6.927769689e-44
1.399439338e+00 2.647022283e-01 2.657552714e-01 2.643452332e-01 3.569950632e-04 4.958542869e-39 2.187278404e-41
1.483575466e+00 2.585203519e-01 2.594714013e-01 2.582270819e-01 2.932699877e-04 1.412655920e-36 5.384525075e-39
1.572769969e+00 2.637190798e-01 2.646041857e-01 2.634660999e-01 2.529799042e-04 2.818963967e-34 9.206882036e-37
1.667326963e+00 2.606071017e-01 2.614160441e-01 2.603958569e-01 2.112448152e-04 3.884158931e-32 1.105874980e-34
1.767568847e+00 2.473522400e-01 2.480574955e-01 2.471839848e-01 1.682552877e-04 4.203617307e-30 1.022484382e-32
1.873837405e+00 2.286167425e-01 2.292274270e-01 2.284878712e-01 1.288712738e-04 3.483619010e-28 6.732104073e-31
1.986494968e+00 2.159860711e-01 2.165200345e-01 2.158839888e-01 1.020823126e-04 2.253179064e-26 3.661880678e-29
2.105925651e+00 2.000312016e-01 2.004918743e-01 1.999529602e-01 7.824138117e-05 1.118010121e-24 1.516794481e-27
2.232536664e+00 1.807834552e-01 1.811734932e-01 1.807252024e-01 5.825279202e-05 4.145604490e-23 4.846744058e-26
2.366759696e+00 1.634613830e-01 1.637911756e-01 1.634176783e-01 4.370464514e-05 1.322282432e-21 1.293519703e-24
2.509052394e+00 1.400766264e-01 1.403447743e-01 1.400459359e-01 3.069048473e-05 3.385966733e-20 2.695887127e-23
2.659899915e+00 1.387818403e-01 1.390281551e-01 1.387579620e-01 2.387830658e-05 7.266203543e-19 4.764486150e-22
2.819816587e+00 1.359008572e-01 1.361239515e-01 1.358827293e-01 1.812793030e-05 1.286093237e-17 6.999033421e-21
2.989347660e+00 1.133539230e-01 1.135310432e-01 1.133421562e-01 1.176687096e-05 1.943764464e-16 8.781871360e-20
3.169071162e+00 1.010192465e-01 1.011692250e-01 1.010115887e-01 7.657793438e-06 2.245596142e-15 8.221190971e-19
3.359599877e+00 9.807184076e-02 9.820962631e-02 9.806683488e-02 5.005876637e-06 2.529215653e-14 7.448657045e-18
3.561583429e+00 9.433744400e-02 9.446006332e-02 9.433443978e-02 3.004220723e-06 2.239000896e-13 5.414994958e-17
3.775710497e+00 7.979302808e-02 7.989348526e-02 7.979154825e-02 1.479830739e-06 1.888121769e-12 3.660295766e-16
4.002711165e+00 7.338880941e-02 7.347482984e-02 7.338796796e-02 8.414293027e-07 1.277715572e-11 2.005314418e-15
4.243359411e+00 6.964733110e-02 6.972479404e-02 6.964673604e-02 5.949892514e-07 7.972160219e-11 9.761463679e-15
4.498475745e+00 5.851469982e-02 5.857630578e-02 5.851436734e-02 3.320271479e-07 4.486988664e-10 2.401627295e-14
4.768930007e+00 5.136712191e-02 5.141819447e-02 5.136699988e-02 1.198153748e-07 2.221352195e-09 8.018916916e-15
5.055644335e+00 4.640611478e-02 4.645048961e-02 4.640605211e-02 5.294204292e-08 9.724027669e-09 3.093614835e-21
5.359596304e+00 4.331146585e-02 4.335073312e-02 4.331142069e-02 5.774520946e-09 3.938515410e-08 4.472171764e-30
5.681822265e+00 3.993320361e-02 3.996870146e-02 3.993305134e-02 0.000000000e+00 1.522717375e-07 0.000000000e+00
6.023420872e+00 3.705337862e-02 3.708544099e-02 3.705286764e-02 0.000000000e+00 5.109824680e-07 0.000000000e+00
6.385556837e+00 3.247281923e-02 3.249997113e-02 3.247128293e-02 0.000000000e+00 1.536306506e-06 0.000000000e+00
6.769464890e+00 2.906921193e-02 2.908944288e-02 2.906461643e-02 0.000000000e+00 4.595498869e-06 0.000000000e+00
7.176453999e+00 2.619769615e-02 2.620808965e-02 2.618444490e-02 0.000000000e+00 1.325124281e-05 0.000000000e+00
7.607911827e+00 2.362525258e-02 2.361731530e-02 2.358762066e-02 0.000000000e+00 3.763191378e-05 0.000000000e+00
8.065309466e+00 2.164859128e-02 2.157789340e-02 2.152197645e-02 0.000000000e+00 1.266148260e-04 0.000000000e+00
8.550206451e+00 1.968035837e-02 1.931063998e-02 1.921533203e-02 0.000000000e+00 4.650263415e-04 0.000000000e+00
9.064256079e+00 1.919523068e-02 1.782726223e-02 1.769807587e-02 0.000000000e+00 1.497154806e-03 0.000000000e+00
9.609211044e+00 2.042856573e-02 1.651909047e-02 1.637774616e-02 0.000000000e+00 4.050819570e-03 0.000000000e+00
1.018692942e+01 2.367464882e-02 1.472790457e-02 1.461642205e-02 0.000000000e+00 9.058226769e-03 0.000000000e+00
1.079938098e+01 2.818356438e-02 1.262644024e-02 1.254941503e-02 0.000000000e+00 1.563414935e-02 0.000000000e+00
1.144865393e+01 3.709314417e-02 1.120249568e-02 1.115077711e-02 0.000000000e+00 2.594236706e-02 0.000000000e+00
1.213696202e+01 5.113976937e-02 9.708933526e-03 9.674493687e-03 0.000000000e+00 4.146527568e-02 0.000000000e+00
1.286665210e+01 6.794167538e-02 8.413949780e-03 8.391305124e-03 0.000000000e+00 5.955037025e-02 0.000000000e+00
1.364021210e+01 9.987148776e-02 7.350452293e-03 7.334693058e-03 0.000000000e+00 9.253679470e-02 0.000000000e+00
1.446027954e+01 1.619248869e-01 6.357251321e-03 6.344672687e-03 0.000000000e+00 1.555802142e-01 0.000000000e+00
1.532965052e+01 2.913956614e-01 5.541631807e-03 5.529168924e-03 0.000000000e+00 2.858664925e-01 0.000000000e+00
1.625128922e+01 5.466452003e-01 4.814039820e-03 4.801121584e-03 0.000000000e+00 5.418440788e-01 0.000000000e+00
1.722833804e+01 9.769323960e-01 4.174858272e-03 4.162256130e-03 0.000000000e+00 9.727701399e-01 0.000000000e+00
1.826412832e+01 1.539522153e+00 3.675563331e-03 3.663853735e-03 0.000000000e+00 1.535858300e+00 0.000000000e+00
1.936219168e+01 2.199544112e+00 3.153341481e-03 3.143786076e-03 0.000000000e+00 2.196400326e+00 0.000000000e+00
2.052627204e+01 2.927185203e+00 2.786660607e-03 2.779118631e-03 0.000000000e+00 2.924406084e+00 0.000000000e+00
2.176033844e+01 3.710621577e+00 2.506560887e-03 2.500615675e-03 0.000000000e+00 3.708120961e+00 0.000000000e+00
2.306859853e+01 4.693231890e+00 2.220218687e-03 2.215589952e-03 0.000000000e+00 4.691016300e+00 0.000000000e+00
2.445551294e+01 5.737753065e+00 1.991182403e-03 1.987469230e-03 0.000000000e+00 5.735765595e+00 0.000000000e+00
2.592581045e+01 7.049862283e+00 1.759611802e-03 1.756697767e-03 0.000000000e+00 7.048105585e+00 0.000000000e+00
2.748450419e+01 8.448794467e+00 1.555868784e-03 1.553615242e-03 0.000000000e+00 8.447240852e+00 0.000000000e+00
2.913690863e+01 9.946822467e+00 1.379135016e-03 1.377315891e-03 0.000000000e+00 9.945445151e+00 0.000000000e+00
3.088865780e+01 1.172676014e+01 1.239702294e-03 1.238266149e-03 0.000000000e+00 1.172552188e+01 0.000000000e+00
3.274572442e+01 1.359565343e+01 1.103909038e-03 1.102752558e-03 0.000000000e+00 1.359455068e+01 0.000000000e+00
3.471444033e+01 1.567247156e+01 9.773693249e-04 9.764577781e-04 0.000000000e+00 1.567149510e+01 0.000000000e+00
3.680151802e+01 1.764811071e+01 8.765267233e-04 8.757952896e-04 0.000000000e+00 1.764723491e+01 0.000000000e+00
3.901407356e+01 1.981977000e+01 7.761439851e-04 7.755526572e-04 0.000000000e+00 1.981899444e+01 0.000000000e+00
4.135965084e+01 2.199825926e+01 6.974166846e-04 6.969473900e-04 0.000000000e+00 2.199756232e+01 0.000000000e+00
4.384624730e+01 2.383707864e+01 6.196278194e-04 6.192567082e-04 0.000000000e+00 2.383645939e+01 0.000000000e+00
4.648234121e+01 2.572995035e+01 5.467450871e-04 5.464525356e-04 0.000000000e+00 2.572940390e+01 0.000000000e+00
4.927692053e+01 2.747809826e+01 4.921828638e-04 4.919480819e-04 0.000000000e+00 2.747760632e+01 0.000000000e+00
5.223951363e+01 2.877405728e+01 4.323038622e-04 4.321215943e-04 0.000000000e+00 2.877362516e+01 0.000000000e+00
5.538022172e+01 3.007485649e+01 3.884174172e-04 3.882740859e-04 0.000000000e+00 3.007446822e+01 0.000000000e+00
5.870975330e+01 3.107712480e+01 3.457798223e-04 3.456655055e-04 0.000000000e+00 3.107677913e+01 0.000000000e+00
6.223946068e+01 3.196646301e+01 3.041841606e-04 3.040970238e-04 0.000000000e+00 3.196615892e+01 0.000000000e+00
6.598137870e+01 3.253442156e+01 2.699708753e-04 2.699015412e-04 0.000000000e+00 3.253415166e+01 0.000000000e+00
6.994826574e+01 3.272821740e+01 2.452220359e-04 2.451662619e-04 0.000000000e+00 3.272797223e+01 0.000000000e+00
7.415364723e+01 3.264959076e+01 2.148072811e-04 2.147641300e-04 0.000000000e+00 3.264937599e+01 0.000000000e+00
7.861186177e+01 3.223965605e+01 1.914589991e-04 1.914247892e-04 0.000000000e+00 3.223946462e+01 0.000000000e+00
8.333811002e+01 3.175840291e+01 1.714460897e-04 1.714193454e-04 0.000000000e+00 3.175823149e+01 0.000000000e+00
8.834850651e+01 3.117770989e+01 1.508430834e-04 1.508222308e-04 0.000000000e+00 3.117755906e+01 0.000000000e+00
9.366013462e+01 3.022307499e+01 1.349465716e-04 1.349297354e-04 0.000000000e+00 3.022294006e+01 0.000000000e+00
9.929110477e+01 2.922443848e+01 7.644424001e-05 7.643573276e-05 0.000000000e+00 2.922436205e+01 0.000000000e+00
1.052606162e+02 2.788560210e+01 0.000000000e+00 0.000000000e+00 0.000000000e+00 2.788560210e+01 0.000000000e+00
1.115890226e+02 2.649673885e+01 0.000000000e+00 0.000000000e+00 0.000000000e+00 2.649673885e+01 0.000000000e+00
1.182979010e+02 2.489496420e+01 0.000000000e+00 0.000000000e+00 0.000000000e+00 2.489496420e+01 0.000000000e+00
1.254101260e+02 2.338764612e+01 0.000000000e+00 0.000000000e+00 0.000000000e+00 2.338764612e+01 0.000000000e+00
1.329499472e+02 2.176868081e+01 0.000000000e+00 0.000000000e+00 0.000000000e+00 2.176868081e+01 0.000000000e+00
1.409430725e+02 1.979047113e+01 0.000000000e+00 0.000000000e+00 0.000000000e+00 1.979047113e+01 0.000000000e+00
1.494167549e+02 1.824638617e+01 0.000000000e+00 0.000000000e+00 0.000000000e+00 1.824638617e+01 0.000000000e+00
1.583998862e+02 1.656174613e+01 0.000000000e+00 0.000000000e+00 0.000000000e+00 1.656174613e+01 0.000000000e+00
1.679230951e+02 1.485462788e+01 0.000000000e+00 0.000000000e+00 0.000000000e+00 1.485462788e+01 0.000000000e+00
1.780188519e+02 1.324857595e+01 0.000000000e+00 0.000000000e+00 0.000000000e+00 1.324857595e+01 0.000000000e+00
1.887215788e+02 1.183159252e+01 0.000000000e+00 0.000000000e+00 0.000000000e+00 1.183159252e+01 0.000000000e+00
2.000677676e+02 1.045842600e+01 0.000000000e+00 0.000000000e+00 0.000000000e+00 1.045842600e+01 0.000000000e+00
2.120961043e+02 9.118356906e+00 0.000000000e+00 0.000000000e+00 0.000000000e+00 9.118356906e+00 0.000000000e+00
2.248476003e+02 7.992913592e+00 0.000000000e+00 0.000000000e+00 0.000000000e+00 7.992913592e+00 0.000000000e+00
2.383657330e+02 6.846938373e+00 0.000000000e+00 0.000000000e+00 0.000000000e+00 6.846938373e+00 0.000000000e+00
2.526965935e+02 5.936759019e+00 0.000000000e+00 0.000000000e+00 0.000000000e+00 5.936759019e+00 0.000000000e+00
2.678890442e+02 5.152341700e+00 0.000000000e+00 0.000000000e+00 0.000000000e+00 5.152341700e+00 0.000000000e+00
2.839948849e+02 4.366079290e+00 0.000000000e+00 0.000000000e+00 0.000000000e+00 4.366079290e+00 0.000000000e+00
3.010690299e+02 3.702906225e+00 0.000000000e+00 0.000000000e+00 0.000000000e+00 3.702906225e+00 0.000000000e+00
3.191696949e+02 3.112039962e+00 0.000000000e+00 0.000000000e+00 0.000000000e+00 3.112039962e+00 0.000000000e+00
3.383585957e+02 2.642686649e+00 0.000000000e+00 0.000000000e+00 0.000000000e+00 2.642686649e+00 0.000000000e+00
3.587011583e+02 2.195528222e+00 0.000000000e+00 0.000000000e+00 0.000000000e+00 2.195528222e+00 0.000000000e+00
3.802667425e+02 1.850747154e+00 0.000000000e+00 0.000000000e+00 0.000000000e+00 1.850747154e+00 0.000000000e+00
4.031288779e+02 1.534021799e+00 0.000000000e+00 0.000000000e+00 0.000000000e+00 1.534021799e+00 0.000000000e+00
4.273655148e+02 1.274898842e+00 0.000000000e+00 0.000000000e+00 0.000000000e+00 1.274898842e+00 0.000000000e+00
4.530592901e+02 1.048533749e+00 0.000000000e+00 0.000000000e+00 0.000000000e+00 1.048533749e+00 0.000000000e+00
4.802978090e+02 8.744896933e-01 0.000000000e+00 0.000000000e+00 0.000000000e+00 8.744896933e-01 0.000000000e+00
5.091739433e+02 7.241864024e-01 0.000000000e+00 0.000000000e+00 0.000000000e+00 7.241864024e-01 0.000000000e+00
5.397861487e+02 5.956118598e-01 0.000000000e+00 0.000000000e+00 0.000000000e+00 5.956118598e-01 0.000000000e+00
5.722388000e+02 4.867523789e-01 0.000000000e+00 0.000000000e+00 0.000000000e+00 4.867523789e-01 0.000000000e+00
6.066425473e+02 3.972123797e-01 0.000000000e+00 0.000000000e+00 0.000000000e+00 3.972123797e-01 0.000000000e+00
6.431146930e+02 3.196351733e-01 0.000000000e+00 0.000000000e+00 0.000000000e+00 3.196351733e-01 0.000000000e+00
6.817795920e+02 2.625418756e-01 0.000000000e+00 0.000000000e+00 0.000000000e+00 2.625418756e-01 0.000000000e+00
7.227690754e+02 2.172411911e-01 0.000000000e+00 0.000000000e+00 0.000000000e+00 2.172411911e-01 0.000000000e+00
7.662229003e+02 1.776226266e-01 0.000000000e+00 0.000000000e+00 0.000000000e+00 1.776226266e-01 0.000000000e+00
8.122892262e+02 1.422089836e-01 0.000000000e+00 0.000000000e+00 0.000000000e+00 1.422089836e-01 0.000000000e+00
8.611251200e+02 1.143456827e-01 0.000000000e+00 0.000000000e+00 0.000000000e+00 1.143456827e-01 0.000000000e+00
9.128970918e+02 9.275251566e-02 0.000000000e+00 0.000000000e+00 0.000000000e+00 9.275251566e-02 0.000000000e+00
9.677816625e+02 7.451290601e-02 0.000000000e+00 0.000000000e+00 0.000000000e+00 7.451290601e-02 0.000000000e+00
1.025965966e+03 6.371425161e-02 0.000000000e+00 0.000000000e+00 0.000000000e+00 6.371425161e-02 0.000000000e+00
1.087648385e+03 5.793116444e-02 0.000000000e+00 0.000000000e+00 0.000000000e+00 5.793116444e-02 0.000000000e+00
1.153039233e+03 5.201839237e-02 0.000000000e+00 0.000000000e+00 0.000000000e+00 5.201839237e-02 0.000000000e+00
1.222361464e+03 4.734901259e-02 0.000000000e+00 0.000000000e+00 0.000000000e+00 4.734901259e-02 0.000000000e+00
1.295851439e+03 4.242709777e-02 0.000000000e+00 0.000000000e+00 0.000000000e+00 4.242709777e-02 0.000000000e+00
1.373759727e+03 3.784580046e-02 0.000000000e+00 0.000000000e+00 0.000000000e+00 3.784580046e-02 0.000000000e+00
1.456351964e+03 3.429867364e-02 0.000000000e+00 0.000000000e+00 0.000000000e+00 3.429867364e-02 0.000000000e+00
1.543909754e+03 3.152531497e-02 0.000000000e+00 0.000000000e+00 0.000000000e+00 3.152531497e-02 0.000000000e+00
1.636731634e+03 2.754649219e-02 0.000000000e+00 0.000000000e+00 0.000000000e+00 2.754649219e-02 0.000000000e+00
1.735134087e+03 2.484466207e-02 0.000000000e+00 0.000000000e+00 0.000000000e+00 2.484466207e-02 0.000000000e+00
1.839452624e+03 2.273873333e-02 0.000000000e+00 0.000000000e+00 0.000000000e+00 2.273873333e-02 0.000000000e+00
1.950042929e+03 2.032727791e-02 0.000000000e+00 0.000000000e+00 0.000000000e+00 2.032727791e-02 0.000000000e+00
2.067282068e+03 1.803901686e-02 0.000000000e+00 0.000000000e+00 0.000000000e+00 1.803901686e-02 0.000000000e+00
2.191569778e+03 1.627417721e-02 0.000000000e+00 0.000000000e+00 0.000000000e+00 1.627417721e-02 0.000000000e+00
2.323329827e+03 1.475417074e-02 0.000000000e+00 0.000000000e+00 0.000000000e+00 1.475417074e-02 0.000000000e+00
2.463011464e+03 1.293225538e-02 0.000000000e+00 0.000000000e+00 0.000000000e+00 1.293225538e-02 0.000000000e+00
2.611090944e+03 1.179882111e-02 0.000000000e+00 0.000000000e+00 0.000000000e+00 1.179882111e-02 0.000000000e+00
2.768073157e+03 1.040223093e-02 0.000000000e+00 0.000000000e+00 0.000000000e+00 1.040223093e-02 0.000000000e+00
2.934493346e+03 9.344763843e-03 0.000000000e+00 0.000000000e+00 0.000000000e+00 9.344763843e-03 0.000000000e+00
3.110918936e+03 8.380697074e-03 0.000000000e+00 0.000000000e+00 0.000000000e+00 8.380697074e-03 0.000000000e+00
3.297951463e+03 7.562709060e-03 0.000000000e+00 0.000000000e+00 0.000000000e+00 7.562709060e-03 0.000000000e+00
3.496228631e+03 6.715690511e-03 0.000000000e+00 0.000000000e+00 0.000000000e+00 6.715690511e-03 0.000000000e+00
3.706426483e+03 6.131194183e-03 0.000000000e+00 0.000000000e+00 0.000000000e+00 6.131194183e-03 0.000000000e+00
3.929261705e+03 5.410509526e-03 0.000000000e+00 0.000000000e+00 0.000000000e+00 5.410509526e-03 0.000000000e+00
4.165494073e+03 4.797349927e-03 0.000000000e+00 0.000000000e+00 0.000000000e+00 4.797349927e-03 0.000000000e+00
4.415929040e+03 4.310467694e-03 0.000000000e+00 0.000000000e+00 0.000000000e+00 4.310467694e-03 0.000000000e+00
4.681420487e+03 3.831068769e-03 0.000000000e+00 0.000000000e+00 0.000000000e+00 3.831068769e-03 0.000000000e+00
4.962873628e+03 3.417717412e-03 0.000000000e+00 0.000000000e+00 0.000000000e+00 3.417717412e-03 0.000000000e+00
5.261248100e+03 3.102250282e-03 0.000000000e+00 0.000000000e+00 0.000000000e+00 3.102250282e-03 0.000000000e+00
5.577561237e+03 2.733888787e-03 0.000000000e+00 0.000000000e+00 0.000000000e+00 2.733888787e-03 0.000000000e+00
5.912891535e+03 2.431889849e-03 0.000000000e+00 0.000000000e+00 0.000000000e+00 2.431889849e-03 0.000000000e+00
6.268382331e+03 2.187928695e-03 0.000000000e+00 0.000000000e+00 0.000000000e+00 2.187928695e-03 0.000000000e+00
6.645245699e+03 1.920327899e-03 0.000000000e+00 0.000000000e+00 0.000000000e+00 1.920327899e-03 0.000000000e+00
7.044766588e+03 1.725086706e-03 0.000000000e+00 0.000000000e+00 0.000000000e+00 1.725086706e-03 0.000000000e+00
7.468307196e+03 1.529998000e-03 0.000000000e+00 0.000000000e+00 0.000000000e+00 1.529998000e-03 0.000000000e+00
7.917311621e+03 1.376086081e-03 0.000000000e+00 0.000000000e+00 0.000000000e+00 1.376086081e-03 0.000000000e+00
8.393310782e+03 1.228773694e-03 0.000000000e+00 0.000000000e+00 0.000000000e+00 1.228773694e-03 0.000000000e+00
8.897927636e+03 1.086585737e-03 0.000000000e+00 0.000000000e+00 0.000000000e+00 1.086585737e-03 0.000000000e+00
9.432882717e+03 9.766017052e-04 0.000000000e+00 0.000000000e+00 0.000000000e+00 9.766017052e-04 0.000000000e+00
1.000000000e+04 7.880392961e-04 0.000000000e+00 0.000000000e+00 0.000000000e+00 7.880392961e-04 0.000000000e+00
