# column 1: wavelength (micron)
# column 2: total flux; F_nu (Jy)
# column 3: transparent flux; F_nu (Jy)
# column 4: direct primary flux; F_nu (Jy)
# column 5: scattered primary flux; F_nu (Jy)
# column 6: direct secondary flux; F_nu (Jy)
# column 7: scattered secondary flux; F_nu (Jy)
9.000000000e-02 1.567111926e-03 3.391655894e-02 1.002379864e-03 5.647320619e-04 0.000000000e+00 0.000000000e+00
9.541091806e-02 1.025272734e-02 1.752328999e-01 6.568707040e-03 3.684020300e-03 0.000000000e+00 0.000000000e+00
1.011471476e-01 1.993731914e-02 2.086864030e-01 1.345528964e-02 6.482029492e-03 0.000000000e+00 0.000000000e+00
1.072282468e-01 3.997460122e-02 2.374414604e-01 2.924860462e-02 1.072599660e-02 0.000000000e+00 0.000000000e+00
1.136749497e-01 5.491747295e-02 2.384400257e-01 4.130516701e-02 1.361230594e-02 0.000000000e+00 0.000000000e+00
1.205092367e-01 4.790468340e-02 1.999327129e-01 3.411223174e-02 1.379245166e-02 0.000000000e+00 0.000000000e+00
1.277544101e-01 7.574992311e-02 2.297053348e-01 5.802172254e-02 1.772820057e-02 0.000000000e+00 0.000000000e+00
1.354351729e-01 9.234849078e-02 2.339296837e-01 7.244589645e-02 1.990259433e-02 0.000000000e+00 0.000000000e+00
1.435777131e-01 1.023740454e-01 2.234762247e-01 8.080677301e-02 2.156727243e-02 0.000000000e+00 0.000000000e+00
1.522097936e-01 1.156532377e-01 2.171171632e-01 9.021047964e-02 2.544275807e-02 0.000000000e+00 0.000000000e+00
1.613608460e-01 1.282863158e-01 2.094334214e-01 9.833305564e-02 2.995326018e-02 0.000000000e+00 0.000000000e+00
1.710620718e-01 1.396558166e-01 2.063934058e-01 1.053847187e-01 3.427109790e-02 0.000000000e+00 0.000000000e+00
1.813465479e-01 1.461245476e-01 2.026849102e-01 1.106484016e-01 3.547614604e-02 0.000000000e+00 0.000000000e+00
1.922493402e-01 1.454716145e-01 1.967213527e-01 1.105164181e-01 3.495519633e-02 0.000000000e+00 0.000000000e+00
2.038076228e-01 1.386264841e-01 1.889394541e-01 1.065771844e-01 3.204929967e-02 0.000000000e+00 0.000000000e+00
2.160608044e-01 1.380104048e-01 1.870953027e-01 1.085839099e-01 2.942649486e-02 0.000000000e+00 0.000000000e+00
2.290506634e-01 1.403247929e-01 1.788883600e-01 1.125524025e-01 2.777239036e-02 0.000000000e+00 0.000000000e+00
2.428214897e-01 1.413641339e-01 1.700370499e-01 1.156922284e-01 2.567190551e-02 0.000000000e+00 0.000000000e+00
2.574202362e-01 1.445695489e-01 1.673588361e-01 1.213347364e-01 2.323481253e-02 0.000000000e+00 0.000000000e+00
2.728966785e-01 1.471420091e-01 1.665184399e-01 1.267299876e-01 2.041202144e-02 0.000000000e+00 0.000000000e+00
2.893035848e-01 1.509695715e-01 1.675294926e-01 1.334372677e-01 1.753230377e-02 0.000000000e+00 0.000000000e+00
3.066968958e-01 1.544352798e-01 1.687815356e-01 1.393888754e-01 1.504640440e-02 0.000000000e+00 0.000000000e+00
3.251359155e-01 1.558345416e-01 1.683054010e-01 1.430281076e-01 1.280643396e-02 0.000000000e+00 0.000000000e+00
3.446835132e-01 1.591347887e-01 1.700394072e-01 1.479518613e-01 1.118292740e-02 0.000000000e+00 0.000000000e+00
3.654063382e-01 1.689458934e-01 1.788414330e-01 1.589262004e-01 1.001969298e-02 0.000000000e+00 0.000000000e+00
3.873750465e-01 2.635199677e-01 2.752216492e-01 2.519118034e-01 1.160816430e-02 0.000000000e+00 0.000000000e+00
4.106645425e-01 3.157524037e-01 3.274587277e-01 3.045656063e-01 1.118679739e-02 0.000000000e+00 0.000000000e+00
4.353542335e-01 3.103538623e-01 3.204917968e-01 3.007703200e-01 9.583542221e-03 0.000000000e+00 0.000000000e+00
4.615283011e-01 3.238607529e-01 3.331472034e-01 3.153109623e-01 8.549790683e-03 0.000000000e+00 0.000000000e+00
4.892759879e-01 3.093202672e-01 3.172900072e-01 3.021902361e-01 7.130031082e-03 0.000000000e+00 0.000000000e+00
5.186919022e-01 3.149020225e-01 3.220473847e-01 3.087087651e-01 6.193257469e-03 0.000000000e+00 0.000000000e+00
5.498763397e-01 3.182703424e-01 3.246683197e-01 3.129316013e-01 5.338741073e-03 0.000000000e+00 0.000000000e+00
5.829356266e-01 3.221032022e-01 3.279276653e-01 3.175011711e-01 4.602031086e-03 0.000000000e+00 0.000000000e+00
6.179824811e-01 3.239275646e-01 3.291893282e-01 3.198970614e-01 4.030503258e-03 0.000000000e+00 0.000000000e+00
6.551363985e-01 3.197158836e-01 3.243862339e-01 3.162770330e-01 3.438850655e-03 0.000000000e+00 0.000000000e+00
6.945240582e-01 3.277568826e-01 3.320729829e-01 3.247571681e-01 2.999714529e-03 0.000000000e+00 0.000000000e+00
7.362797556e-01 3.259831728e-01 3.298588452e-01 3.233975487e-01 2.585624039e-03 0.000000000e+00 0.000000000e+00
7.805458603e-01 3.242390447e-01 3.277286217e-01 3.220640063e-01 2.175038371e-03 0.000000000e+00 0.000000000e+00
8.274733014e-01 3.213137799e-01 3.244095474e-01 3.194557072e-01 1.858072719e-03 0.000000000e+00 0.000000000e+00
8.772220817e-01 3.240986520e-01 3.269607723e-01 3.224530660e-01 1.645586017e-03 0.000000000e+00 0.000000000e+00
9.299618239e-01 3.259755516e-01 3.285820270e-01 3.245614356e-01 1.414115998e-03 0.000000000e+00 0.000000000e+00
9.858723487e-01 3.175244040e-01 3.198271253e-01 3.163488690e-01 1.175535064e-03 1.520000299e-57 1.992518116e-59
1.045144288e+00 3.078176693e-01 3.098383213e-01 3.068530458e-01 9.646234744e-04 5.274680513e-54 5.988417348e-56
1.107979733e+00 2.906624012e-01 2.924029452e-01 2.898807208e-01 7.816803488e-04 1.027762501e-50 1.021432745e-52
1.174592928e+00 2.809232774e-01 2.824614021e-01 2.802745770e-01 6.487004159e-04 1.363277448e-47 1.143436046e-49
1.245210996e+00 2.722100526e-01 2.735796131e-01 2.716677264e-01 5.423262634e-04 1.139645907e-44 8.568118234e-47
1.320074714e+00 2.677074905e-01 2.689358437e-01 2.672625551e-01 4.449354297e-04 6.924749690e-42 4.328277853e-44
1.399439338e+00 2.625355523e-01 2.636295552e-01 2.621658266e-01 3.697256800e-04 2.883939533e-39 1.497608848e-41
1.483575466e+00 2.561201471e-01 2.570980565e-01 2.558183107e-01 3.018363787e-04 8.619521939e-37 3.842628240e-39
1.572769969e+00 2.611427822e-01 2.620621244e-01 2.608864973e-01 2.562849197e-04 1.687855662e-34 6.583748371e-37
1.667326963e+00 2.609436291e-01 2.617815026e-01 2.607228788e-01 2.207502946e-04 2.542770698e-32 8.449748569e-35
1.767568847e+00 2.486110216e-01 2.493554461e-01 2.484342692e-01 1.767523734e-04 3.012125889e-30 8.580165257e-33
1.873837405e+00 2.285973267e-01 2.292261977e-01 2.284630244e-01 1.343022586e-04 2.521702545e-28 5.801080878e-31
1.986494968e+00 2.162240846e-01 2.167733859e-01 2.161185612e-01 1.055234145e-04 1.616786929e-26 3.194638106e-29
2.105925651e+00 2.001924711e-01 2.006687846e-01 2.001111206e-01 8.135042535e-05 8.475386227e-25 1.389711774e-27
2.232536664e+00 1.831104494e-01 1.835116215e-01 1.830487172e-01 6.173222835e-05 3.441215808e-23 4.755959602e-26
2.366759696e+00 1.641366294e-01 1.644815742e-01 1.640908894e-01 4.573999259e-05 1.112051458e-21 1.294803204e-24
2.509052394e+00 1.406821707e-01 1.409593319e-01 1.406501096e-01 3.206106001e-05 2.988790026e-20 2.834117948e-23
2.659899915e+00 1.396083904e-01 1.398601399e-01 1.395836208e-01 2.476959452e-05 6.459490517e-19 5.056969807e-22
2.819816587e+00 1.354723739e-01 1.357048309e-01 1.354532862e-01 1.908770292e-05 1.186425745e-17 7.716585709e-21
2.989347660e+00 1.117571799e-01 1.119396177e-01 1.117452192e-01 1.196066476e-05 1.724141977e-16 9.220887347e-20
3.169071162e+00 1.002177954e-01 1.003707081e-01 1.002098361e-01 7.959235878e-06 2.183228495e-15 9.473483748e-19
3.359599877e+00 9.989292700e-02 1.000373250e-01 9.988746690e-02 5.460101412e-06 2.530698204e-14 9.005436785e-18
3.561583429e+00 9.320722828e-02 9.333478086e-02 9.320410166e-02 3.126616003e-06 2.308288643e-13 6.663206744e-17
3.775710497e+00 7.924812545e-02 7.935099322e-02 7.924647944e-02 1.646011859e-06 1.949367542e-12 4.538222375e-16
4.002711165e+00 7.380663368e-02 7.389745743e-02 7.380569392e-02 9.397463974e-07 1.355789672e-11 2.550483979e-15
4.243359411e+00 6.994167812e-02 7.002034026e-02 6.994103107e-02 6.469631557e-07 8.587332323e-11 1.286731420e-14
4.498475745e+00 5.877744210e-02 5.884113997e-02 5.877700699e-02 4.346275299e-07 4.822590165e-10 5.200726571e-14
4.768930007e+00 5.142651997e-02 5.147894528e-02 5.142630528e-02 2.122134673e-07 2.470090749e-09 9.295033229e-14
5.055644335e+00 4.614252969e-02 4.618797017e-02 4.614244536e-02 7.339286164e-08 1.094027456e-08 1.328788387e-14
5.359596304e+00 4.300981884e-02 4.305029629e-02 4.300974755e-02 2.544555146e-08 4.584782289e-08 3.274258409e-23
5.681822265e+00 4.013263350e-02 4.016926217e-02 4.013245894e-02 1.283914488e-09 1.732766442e-07 2.904604365e-42
6.023420872e+00 3.644009040e-02 3.647242049e-02 3.643948597e-02 0.000000000e+00 6.044344622e-07 0.000000000e+00
6.385556837e+00 3.273697233e-02 3.276434993e-02 3.273501972e-02 0.000000000e+00 1.952613946e-06 0.000000000e+00
6.769464890e+00 2.924838489e-02 2.926861814e-02 2.924261379e-02 0.000000000e+00 5.771101870e-06 0.000000000e+00
7.176453999e+00 2.626770875e-02 2.627592824e-02 2.625166809e-02 0.000000000e+00 1.604065832e-05 0.000000000e+00
7.607911827e+00 2.385633924e-02 2.384031812e-02 2.380976966e-02 0.000000000e+00 4.656958405e-05 0.000000000e+00
8.065309466e+00 2.166314476e-02 2.156715463e-02 2.150973992e-02 0.000000000e+00 1.534048412e-04 0.000000000e+00
8.550206451e+00 2.002456909e-02 1.954395556e-02 1.944525575e-02 0.000000000e+00 5.793133335e-04 0.000000000e+00
9.064256079e+00 1.982016260e-02 1.805807852e-02 1.792272487e-02 0.000000000e+00 1.897437728e-03 0.000000000e+00
9.609211044e+00 2.153379161e-02 1.643846092e-02 1.629383368e-02 0.000000000e+00 5.239957923e-03 0.000000000e+00
1.018692942e+01 2.584724639e-02 1.477594473e-02 1.466206936e-02 0.000000000e+00 1.118517704e-02 0.000000000e+00
1.079938098e+01 3.264021843e-02 1.271544901e-02 1.263603902e-02 0.000000000e+00 2.000417941e-02 0.000000000e+00
1.144865393e+01 4.464050983e-02 1.122208182e-02 1.116837999e-02 0.000000000e+00 3.347212984e-02 0.000000000e+00
1.213696202e+01 6.304080534e-02 9.663938541e-03 9.628357037e-03 0.000000000e+00 5.341244830e-02 0.000000000e+00
1.286665210e+01 8.923950849e-02 8.539552835e-03 8.515893512e-03 0.000000000e+00 8.072361498e-02 0.000000000e+00
1.364021210e+01 1.287631891e-01 7.319194838e-03 7.303097620e-03 0.000000000e+00 1.214600915e-01 0.000000000e+00
1.446027954e+01 2.104337418e-01 6.439536535e-03 6.426212921e-03 0.000000000e+00 2.040075289e-01 0.000000000e+00
1.532965052e+01 3.889059896e-01 5.528554413e-03 5.515551567e-03 0.000000000e+00 3.833904381e-01 0.000000000e+00
1.625128922e+01 7.122226776e-01 4.860339402e-03 4.846827503e-03 0.000000000e+00 7.073758501e-01 0.000000000e+00
1.722833804e+01 1.270962962e+00 4.138000699e-03 4.125068889e-03 0.000000000e+00 1.266837893e+00 0.000000000e+00
1.826412832e+01 2.015601795e+00 3.656388498e-03 3.644342334e-03 0.000000000e+00 2.011957453e+00 0.000000000e+00
1.936219168e+01 2.882722584e+00 3.195735279e-03 3.185750276e-03 0.000000000e+00 2.879536833e+00 0.000000000e+00
2.052627204e+01 3.825733460e+00 2.791950127e-03 2.784109971e-03 0.000000000e+00 3.822949350e+00 0.000000000e+00
2.176033844e+01 4.811540868e+00 2.469850343e-03 2.463829261e-03 0.000000000e+00 4.809077039e+00 0.000000000e+00
2.306859853e+01 5.992479038e+00 2.201350557e-03 2.196591477e-03 0.000000000e+00 5.990282447e+00 0.000000000e+00
2.445551294e+01 7.412452337e+00 1.959334368e-03 1.955565976e-03 0.000000000e+00 7.410496771e+00 0.000000000e+00
2.592581045e+01 8.890437507e+00 1.741539993e-03 1.738582917e-03 0.000000000e+00 8.888698924e+00 0.000000000e+00
2.748450419e+01 1.052315345e+01 1.569248135e-03 1.566914076e-03 0.000000000e+00 1.052158653e+01 0.000000000e+00
2.913690863e+01 1.241795150e+01 1.394234071e-03 1.392341721e-03 0.000000000e+00 1.241655916e+01 0.000000000e+00
3.088865780e+01 1.433099560e+01 1.235986935e-03 1.234486736e-03 0.000000000e+00 1.432976111e+01 0.000000000e+00
3.274572442e+01 1.630402950e+01 1.109400500e-03 1.108205793e-03 0.000000000e+00 1.630292130e+01 0.000000000e+00
3.471444033e+01 1.848543573e+01 9.843712522e-04 9.834271636e-04 0.000000000e+00 1.848445231e+01 0.000000000e+00
3.680151802e+01 2.065809043e+01 8.717953051e-04 8.710361694e-04 0.000000000e+00 2.065721940e+01 0.000000000e+00
3.901407356e+01 2.283664844e+01 7.855301654e-04 7.849195031e-04 0.000000000e+00 2.283586352e+01 0.000000000e+00
4.135965084e+01 2.491205914e+01 6.989343189e-04 6.984555587e-04 0.000000000e+00 2.491136068e+01 0.000000000e+00
4.384624730e+01 2.680542098e+01 6.217885043e-04 6.213996722e-04 0.000000000e+00 2.680479958e+01 0.000000000e+00
4.648234121e+01 2.839054427e+01 5.462938307e-04 5.459920912e-04 0.000000000e+00 2.838999828e+01 0.000000000e+00
4.927692053e+01 2.992755033e+01 4.899531523e-04 4.897137588e-04 0.000000000e+00 2.992706062e+01 0.000000000e+00
5.223951363e+01 3.110614424e+01 4.319318092e-04 4.317459808e-04 0.000000000e+00 3.110571249e+01 0.000000000e+00
5.538022172e+01 3.207186812e+01 3.899146714e-04 3.897654771e-04 0.000000000e+00 3.207147836e+01 0.000000000e+00
5.870975330e+01 3.255175406e+01 3.435173041e-04 3.433995921e-04 0.000000000e+00 3.255141066e+01 0.000000000e+00
6.223946068e+01 3.297745301e+01 3.024322318e-04 3.023416462e-04 0.000000000e+00 3.297715067e+01 0.000000000e+00
6.598137870e+01 3.321336592e+01 2.745669588e-04 2.744945940e-04 0.000000000e+00 3.321309143e+01 0.000000000e+00
6.994826574e+01 3.298879145e+01 2.402800107e-04 2.402235329e-04 0.000000000e+00 3.298855122e+01 0.000000000e+00
7.415364723e+01 3.282533626e+01 2.129453095e-04 2.129010969e-04 0.000000000e+00 3.282512336e+01 0.000000000e+00
7.861186177e+01 3.223653859e+01 1.931209794e-04 1.930852004e-04 0.000000000e+00 3.223634551e+01 0.000000000e+00
8.333811002e+01 3.134528183e+01 1.729661603e-04 1.729379321e-04 0.000000000e+00 3.134510889e+01 0.000000000e+00
8.834850651e+01 3.061705420e+01 1.529785491e-04 1.529566799e-04 0.000000000e+00 3.061690125e+01 0.000000000e+00
9.366013462e+01 2.954013778e+01 1.355125937e-04 1.354953575e-04 0.000000000e+00 2.954000229e+01 0.000000000e+00
9.929110477e+01 2.829367605e+01 7.735018496e-05 7.734134697e-05 0.000000000e+00 2.829359871e+01 0.000000000e+00
1.052606162e+02 2.697653626e+01 0.000000000e+00 0.000000000e+00 0.000000000e+00 2.697653626e+01 0.000000000e+00
1.115890226e+02 2.547958403e+01 0.000000000e+00 0.000000000e+00 0.000000000e+00 2.547958403e+01 0.000000000e+00
1.182979010e+02 2.390808513e+01 0.000000000e+00 0.000000000e+00 0.000000000e+00 2.390808513e+01 0.000000000e+00
1.254101260e+02 2.233810068e+01 0.000000000e+00 0.000000000e+00 0.000000000e+00 2.233810068e+01 0.000000000e+00
1.329499472e+02 2.092678076e+01 0.000000000e+00 0.000000000e+00 0.000000000e+00 2.092678076e+01 0.000000000e+00
1.409430725e+02 1.924343925e+01 0.000000000e+00 0.000000000e+00 0.000000000e+00 1.924343925e+01 0.000000000e+00
1.494167549e+02 1.747765916e+01 0.000000000e+00 0.000000000e+00 0.000000000e+00 1.747765916e+01 0.000000000e+00
1.583998862e+02 1.582094356e+01 0.000000000e+00 0.000000000e+00 0.000000000e+00 1.582094356e+01 0.000000000e+00
1.679230951e+02 1.438810747e+01 0.000000000e+00 0.000000000e+00 0.000000000e+00 1.438810747e+01 0.000000000e+00
1.780188519e+02 1.271633372e+01 0.000000000e+00 0.000000000e+00 0.000000000e+00 1.271633372e+01 0.000000000e+00
1.887215788e+02 1.127374757e+01 0.000000000e+00 0.000000000e+00 0.000000000e+00 1.127374757e+01 0.000000000e+00
2.000677676e+02 9.984701113e+00 0.000000000e+00 0.000000000e+00 0.000000000e+00 9.984701113e+00 0.000000000e+00
2.120961043e+02 8.867303424e+00 0.000000000e+00 0.000000000e+00 0.000000000e+00 8.867303424e+00 0.000000000e+00
2.248476003e+02 7.583207159e+00 0.000000000e+00 0.000000000e+00 0.000000000e+00 7.583207159e+00 0.000000000e+00
2.383657330e+02 6.637211984e+00 0.000000000e+00 0.000000000e+00 0.000000000e+00 6.637211984e+00 0.000000000e+00
2.526965935e+02 5.722508275e+00 0.000000000e+00 0.000000000e+00 0.000000000e+00 5.722508275e+00 0.000000000e+00
2.678890442e+02 4.922997141e+00 0.000000000e+00 0.000000000e+00 0.000000000e+00 4.922997141e+00 0.000000000e+00
2.839948849e+02 4.244746591e+00 0.000000000e+00 0.000000000e+00 0.000000000e+00 4.244746591e+00 0.000000000e+00
3.010690299e+02 3.555465556e+00 0.000000000e+00 0.000000000e+00 0.000000000e+00 3.555465556e+00 0.000000000e+00
3.191696949e+02 3.036176002e+00 0.000000000e+00 0.000000000e+00 0.000000000e+00 3.036176002e+00 0.000000000e+00
3.383585957e+02 2.530672658e+00 0.000000000e+00 0.000000000e+00 0.000000000e+00 2.530672658e+00 0.000000000e+00
3.587011583e+02 2.131594390e+00 0.000000000e+00 0.000000000e+00 0.000000000e+00 2.131594390e+00 0.000000000e+00
3.802667425e+02 1.770007197e+00 0.000000000e+00 0.000000000e+00 0.000000000e+00 1.770007197e+00 0.000000000e+00
4.031288779e+02 1.492335836e+00 0.000000000e+00 0.000000000e+00 0.000000000e+00 1.492335836e+00 0.000000000e+00
4.273655148e+02 1.250728262e+00 0.000000000e+00 0.000000000e+00 0.000000000e+00 1.250728262e+00 0.000000000e+00
4.530592901e+02 1.026653079e+00 0.000000000e+00 0.000000000e+00 0.000000000e+00 1.026653079e+00 0.000000000e+00
4.802978090e+02 8.524125679e-01 0.000000000e+00 0.000000000e+00 0.000000000e+00 8.524125679e-01 0.000000000e+00
5.091739433e+02 7.043699867e-01 0.000000000e+00 0.000000000e+00 0.000000000e+00 7.043699867e-01 0.000000000e+00
5.397861487e+02 5.692769092e-01 0.000000000e+00 0.000000000e+00 0.000000000e+00 5.692769092e-01 0.000000000e+00
5.722388000e+02 4.740611624e-01 0.000000000e+00 0.000000000e+00 0.000000000e+00 4.740611624e-01 0.000000000e+00
6.066425473e+02 3.873194539e-01 0.000000000e+00 0.000000000e+00 0.000000000e+00 3.873194539e-01 0.000000000e+00
6.431146930e+02 3.137750584e-01 0.000000000e+00 0.000000000e+00 0.000000000e+00 3.137750584e-01 0.000000000e+00
6.817795920e+02 2.573949697e-01 0.000000000e+00 0.000000000e+00 0.000000000e+00 2.573949697e-01 0.000000000e+00
7.227690754e+02 2.061362135e-01 0.000000000e+00 0.000000000e+00 0.000000000e+00 2.061362135e-01 0.000000000e+00
7.662229003e+02 1.679766281e-01 0.000000000e+00 0.000000000e+00 0.000000000e+00 1.679766281e-01 0.000000000e+00
8.122892262e+02 1.392398926e-01 0.000000000e+00 0.000000000e+00 0.000000000e+00 1.392398926e-01 0.000000000e+00
8.611251200e+02 1.118451744e-01 0.000000000e+00 0.000000000e+00 0.000000000e+00 1.118451744e-01 0.000000000e+00
9.128970918e+02 9.152910613e-02 0.000000000e+00 0.000000000e+00 0.000000000e+00 9.152910613e-02 0.000000000e+00
9.677816625e+02 7.267301238e-02 0.000000000e+00 0.000000000e+00 0.000000000e+00 7.267301238e-02 0.000000000e+00
1.025965966e+03 6.378667030e-02 0.000000000e+00 0.000000000e+00 0.000000000e+00 6.378667030e-02 0.000000000e+00
1.087648385e+03 5.621112087e-02 0.000000000e+00 0.000000000e+00 0.000000000e+00 5.621112087e-02 0.000000000e+00
1.153039233e+03 5.060254655e-02 0.000000000e+00 0.000000000e+00 0.000000000e+00 5.060254655e-02 0.000000000e+00
1.222361464e+03 4.602401907e-02 0.000000000e+00 0.000000000e+00 0.000000000e+00 4.602401907e-02 0.000000000e+00
1.295851439e+03 4.136819526e-02 0.000000000e+00 0.000000000e+00 0.000000000e+00 4.136819526e-02 0.000000000e+00
1.373759727e+03 3.731875251e-02 0.000000000e+00 0.000000000e+00 0.000000000e+00 3.731875251e-02 0.000000000e+00
1.456351964e+03 3.349450565e-02 0.000000000e+00 0.000000000e+00 0.000000000e+00 3.349450565e-02 0.000000000e+00
1.543909754e+03 3.014107686e-02 0.000000000e+00 0.000000000e+00 0.000000000e+00 3.014107686e-02 0.000000000e+00
1.636731634e+03 2.730259647e-02 0.000000000e+00 0.000000000e+00 0.000000000e+00 2.730259647e-02 0.000000000e+00
1.735134087e+03 2.428581363e-02 0.000000000e+00 0.000000000e+00 0.000000000e+00 2.428581363e-02 0.000000000e+00
1.839452624e+03 2.225768722e-02 0.000000000e+00 0.000000000e+00 0.000000000e+00 2.225768722e-02 0.000000000e+00
1.950042929e+03 1.974080502e-02 0.000000000e+00 0.000000000e+00 0.000000000e+00 1.974080502e-02 0.000000000e+00
2.067282068e+03 1.769102275e-02 0.000000000e+00 0.000000000e+00 0.000000000e+00 1.769102275e-02 0.000000000e+00
2.191569778e+03 1.600378755e-02 0.000000000e+00 0.000000000e+00 0.000000000e+00 1.600378755e-02 0.000000000e+00
2.323329827e+03 1.443732473e-02 0.000000000e+00 0.000000000e+00 0.000000000e+00 1.443732473e-02 0.000000000e+00
2.463011464e+03 1.272905937e-02 0.000000000e+00 0.000000000e+00 0.000000000e+00 1.272905937e-02 0.000000000e+00
2.611090944e+03 1.156871997e-02 0.000000000e+00 0.000000000e+00 0.000000000e+00 1.156871997e-02 0.000000000e+00
2.768073157e+03 1.034205084e-02 0.000000000e+00 0.000000000e+00 0.000000000e+00 1.034205084e-02 0.000000000e+00
2.934493346e+03 9.243998261e-03 0.000000000e+00 0.000000000e+00 0.000000000e+00 9.243998261e-03 0.000000000e+00
3.110918936e+03 8.216828294e-03 0.000000000e+00 0.000000000e+00 0.000000000e+00 8.216828294e-03 0.000000000e+00
3.297951463e+03 7.419104339e-03 0.000000000e+00 0.000000000e+00 0.000000000e+00 7.419104339e-03 0.000000000e+00
3.496228631e+03 6.460859960e-03 0.000000000e+00 0.000000000e+00 0.000000000e+00 6.460859960e-03 0.000000000e+00
3.706426483e+03 5.985855323e-03 0.000000000e+00 0.000000000e+00 0.000000000e+00 5.985855323e-03 0.000000000e+00
3.929261705e+03 5.262106342e-03 0.000000000e+00 0.000000000e+00 0.000000000e+00 5.262106342e-03 0.000000000e+00
4.165494073e+03 4.706774695e-03 0.000000000e+00 0.000000000e+00 0.000000000e+00 4.706774695e-03 0.000000000e+00
4.415929040e+03 4.206735627e-03 0.000000000e+00 0.000000000e+00 0.000000000e+00 4.206735627e-03 0.000000000e+00
4.681420487e+03 3.719806072e-03 0.000000000e+00 0.000000000e+00 0.000000000e+00 3.719806072e-03 0.000000000e+00
4.962873628e+03 3.352652590e-03 0.000000000e+00 0.000000000e+00 0.000000000e+00 3.352652590e-03 0.000000000e+00
5.261248100e+03 2.961370845e-03 0.000000000e+00 0.000000000e+00 0.000000000e+00 2.961370845e-03 0.000000000e+00
5.577561237e+03 2.668910734e-03 0.000000000e+00 0.000000000e+00 0.000000000e+00 2.668910734e-03 0.000000000e+00
5.912891535e+03 2.374417217e-03 0.000000000e+00 0.000000000e+00 0.000000000e+00 2.374417217e-03 0.000000000e+00
6.268382331e+03 2.147167663e-03 0.000000000e+00 0.000000000e+00 0.000000000e+00 2.147167663e-03 0.000000000e+00
6.645245699e+03 1.930610826e-03 0.000000000e+00 0.000000000e+00 0.000000000e+00 1.930610826e-03 0.000000000e+00
7.044766588e+03 1.704406448e-03 0.000000000e+00 0.000000000e+00 0.000000000e+00 1.704406448e-03 0.000000000e+00
7.468307196e+03 1.515143690e-03 0.000000000e+00 0.000000000e+00 0.000000000e+00 1.515143690e-03 0.000000000e+00
7.917311621e+03 1.348608636e-03 0.000000000e+00 0.000000000e+00 0.000000000e+00 1.348608636e-03 0.000000000e+00
8.393310782e+03 1.199950439e-03 0.000000000e+00 0.000000000e+00 0.000000000e+00 1.199950439e-03 0.000000000e+00
8.897927636e+03 1.061471181e-03 0.000000000e+00 0.000000000e+00 0.000000000e+00 1.061471181e-03 0.000000000e+00
9.432882717e+03 9.495029129e-04 0.000000000e+00 0.000000000e+00 0.000000000e+00 9.495029129e-04 0.000000000e+00
1.000000000e+04 7.717792118e-04 0.000000000e+00 0.000000000e+00 0.000000000e+00 7.717792118e-04 0.000000000e+00
