# column 1: wavelength (micron)
# column 2: total flux; F_nu (Jy)
# column 3: transparent flux; F_nu (Jy)
# column 4: direct primary flux; F_nu (Jy)
# column 5: scattered primary flux; F_nu (Jy)
# column 6: direct secondary flux; F_nu (Jy)
# column 7: scattered secondary flux; F_nu (Jy)
9.000000000e-02 1.010367362e-03 3.371621398e-02 6.185511793e-04 3.918161825e-04 0.000000000e+00 0.000000000e+00
9.541091806e-02 6.940767230e-03 1.754408493e-01 4.264051622e-03 2.676715609e-03 0.000000000e+00 0.000000000e+00
1.011471476e-01 1.486760699e-02 2.093147798e-01 9.841557299e-03 5.026049687e-03 0.000000000e+00 0.000000000e+00
1.072282468e-01 3.286485913e-02 2.374067779e-01 2.398291052e-02 8.881948608e-03 0.000000000e+00 0.000000000e+00
1.136749497e-01 4.668072691e-02 2.371121494e-01 3.490173262e-02 1.177899429e-02 0.000000000e+00 0.000000000e+00
1.205092367e-01 3.982067352e-02 1.996863868e-01 2.760548187e-02 1.221519164e-02 0.000000000e+00 0.000000000e+00
1.277544101e-01 6.689065613e-02 2.299758273e-01 5.041595544e-02 1.647470069e-02 0.000000000e+00 0.000000000e+00
1.354351729e-01 8.348602672e-02 2.336238481e-01 6.455820114e-02 1.892782558e-02 0.000000000e+00 0.000000000e+00
1.435777131e-01 9.441934048e-02 2.242355303e-01 7.333377591e-02 2.108556458e-02 0.000000000e+00 0.000000000e+00
1.522097936e-01 1.075880116e-01 2.167691059e-01 8.228594163e-02 2.530206996e-02 0.000000000e+00 0.000000000e+00
1.613608460e-01 1.220849811e-01 2.104817148e-01 9.133517051e-02 3.074981059e-02 0.000000000e+00 0.000000000e+00
1.710620718e-01 1.339070135e-01 2.069382136e-01 9.830439634e-02 3.560261715e-02 0.000000000e+00 0.000000000e+00
1.813465479e-01 1.412122149e-01 2.026927339e-01 1.035801533e-01 3.763206159e-02 0.000000000e+00 0.000000000e+00
1.922493402e-01 1.410084699e-01 1.969018649e-01 1.040057731e-01 3.700269680e-02 0.000000000e+00 0.000000000e+00
2.038076228e-01 1.334479361e-01 1.883074405e-01 1.001763913e-01 3.327154481e-02 0.000000000e+00 0.000000000e+00
2.160608044e-01 1.340833975e-01 1.872672740e-01 1.027977731e-01 3.128562434e-02 0.000000000e+00 0.000000000e+00
2.290506634e-01 1.365314060e-01 1.787470288e-01 1.070974469e-01 2.943395913e-02 0.000000000e+00 0.000000000e+00
2.428214897e-01 1.386015574e-01 1.699273126e-01 1.110212219e-01 2.758033555e-02 0.000000000e+00 0.000000000e+00
2.574202362e-01 1.430408248e-01 1.682211421e-01 1.177679086e-01 2.527291621e-02 0.000000000e+00 0.000000000e+00
2.728966785e-01 1.451077199e-01 1.661828313e-01 1.227441646e-01 2.236355533e-02 0.000000000e+00 0.000000000e+00
2.893035848e-01 1.477969799e-01 1.657636373e-01 1.287969215e-01 1.900005840e-02 0.000000000e+00 0.000000000e+00
3.066968958e-01 1.541129886e-01 1.696388111e-01 1.375550904e-01 1.655789822e-02 0.000000000e+00 0.000000000e+00
3.251359155e-01 1.543984913e-01 1.677155293e-01 1.403345814e-01 1.406390990e-02 0.000000000e+00 0.000000000e+00
3.446835132e-01 1.589366450e-01 1.706838943e-01 1.465224630e-01 1.241418209e-02 0.000000000e+00 0.000000000e+00
3.654063382e-01 1.687647914e-01 1.794746525e-01 1.577970651e-01 1.096772625e-02 0.000000000e+00 0.000000000e+00
3.873750465e-01 2.614775676e-01 2.738677044e-01 2.488978582e-01 1.257970935e-02 0.000000000e+00 0.000000000e+00
4.106645425e-01 3.155565450e-01 3.280331297e-01 3.034824323e-01 1.207411262e-02 0.000000000e+00 0.000000000e+00
4.353542335e-01 3.116197849e-01 3.224467349e-01 3.013948443e-01 1.022494064e-02 0.000000000e+00 0.000000000e+00
4.615283011e-01 3.225476663e-01 3.323383491e-01 3.134860254e-01 9.061640868e-03 0.000000000e+00 0.000000000e+00
4.892759879e-01 3.097231888e-01 3.180544424e-01 3.020525971e-01 7.670591688e-03 0.000000000e+00 0.000000000e+00
5.186919022e-01 3.139290644e-01 3.214453326e-01 3.073722889e-01 6.556775424e-03 0.000000000e+00 0.000000000e+00
5.498763397e-01 3.170238656e-01 3.237624084e-01 3.113807078e-01 5.643157822e-03 0.000000000e+00 0.000000000e+00
5.829356266e-01 3.196356310e-01 3.256024079e-01 3.147678868e-01 4.867744211e-03 0.000000000e+00 0.000000000e+00
6.179824811e-01 3.227443041e-01 3.281913239e-01 3.185081630e-01 4.236141040e-03 0.000000000e+00 0.000000000e+00
6.551363985e-01 3.195697341e-01 3.244318563e-01 3.159554101e-01 3.614324084e-03 0.000000000e+00 0.000000000e+00
6.945240582e-01 3.245116992e-01 3.289514294e-01 3.213884120e-01 3.123287234e-03 0.000000000e+00 0.000000000e+00
7.362797556e-01 3.267656848e-01 3.307524190e-01 3.240823891e-01 2.683295655e-03 0.000000000e+00 0.000000000e+00
7.805458603e-01 3.223630831e-01 3.259207467e-01 3.200957757e-01 2.267307467e-03 0.000000000e+00 0.000000000e+00
8.274733014e-01 3.219498132e-01 3.251728995e-01 3.200140534e-01 1.935759794e-03 0.000000000e+00 0.000000000e+00
8.772220817e-01 3.250695516e-01 3.280148105e-01 3.233435701e-01 1.725981456e-03 0.000000000e+00 0.000000000e+00
9.299618239e-01 3.251161372e-01 3.277848052e-01 3.236501972e-01 1.465939919e-03 0.000000000e+00 0.000000000e+00
9.858723487e-01 3.163981421e-01 3.187522621e-01 3.151912580e-01 1.206884146e-03 5.228196979e-58 7.713423397e-60
1.045144288e+00 3.066852071e-01 3.087502585e-01 3.056897796e-01 9.954274294e-04 1.836710833e-54 2.445844422e-56
1.107979733e+00 2.921581456e-01 2.939546673e-01 2.913479328e-01 8.102128096e-04 4.318667816e-51 4.894028204e-53
1.174592928e+00 2.781604678e-01 2.797395900e-01 2.774891127e-01 6.713551292e-04 5.902714137e-48 5.644439843e-50
1.245210996e+00 2.706135207e-01 2.719953117e-01 2.700517865e-01 5.617341452e-04 5.379496314e-45 4.408287097e-47
1.320074714e+00 2.672325249e-01 2.684892244e-01 2.667764296e-01 4.560952578e-04 3.396480641e-42 2.439559845e-44
1.399439338e+00 2.647322894e-01 2.658552817e-01 2.643492918e-01 3.829976156e-04 1.487877679e-39 9.038131183e-42
1.483575466e+00 2.588273258e-01 2.598207578e-01 2.585156613e-01 3.116644749e-04 4.585022956e-37 2.368040613e-39
1.572769969e+00 2.626778093e-01 2.636081870e-01 2.624121881e-01 2.656212235e-04 9.851404103e-35 4.433505906e-37
1.667326963e+00 2.624611999e-01 2.633134574e-01 2.622383460e-01 2.228538505e-04 1.501581703e-32 5.672182048e-35
1.767568847e+00 2.479863841e-01 2.487286837e-01 2.478091354e-01 1.772486661e-04 1.856513335e-30 6.099621509e-33
1.873837405e+00 2.300333520e-01 2.306635188e-01 2.298947861e-01 1.385658480e-04 1.622909486e-28 4.409526779e-31
1.986494968e+00 2.164156975e-01 2.169717805e-01 2.163087133e-01 1.069842000e-04 1.120624558e-26 2.549374874e-29
2.105925651e+00 1.988143710e-01 1.992911203e-01 1.987315467e-01 8.282425467e-05 5.895358160e-25 1.132593786e-27
2.232536664e+00 1.788959282e-01 1.792996787e-01 1.788334657e-01 6.246246328e-05 2.455369196e-23 3.957823259e-26
2.366759696e+00 1.632323940e-01 1.635778252e-01 1.631861797e-01 4.621421387e-05 8.326741906e-22 1.106479065e-24
2.509052394e+00 1.416074534e-01 1.418871967e-01 1.415745949e-01 3.285844857e-05 2.256998469e-20 2.497142786e-23
2.659899915e+00 1.392656443e-01 1.395240938e-01 1.392402352e-01 2.540910248e-05 5.273324794e-19 4.821950803e-22
2.819816587e+00 1.353290784e-01 1.355620090e-01 1.353098479e-01 1.923056572e-05 9.536513057e-18 7.160772416e-21
2.989347660e+00 1.128200995e-01 1.130039917e-01 1.128076912e-01 1.240837663e-05 1.442508163e-16 8.902378228e-20
3.169071162e+00 1.011493239e-01 1.013074848e-01 1.011409586e-01 8.365327070e-06 1.982997530e-15 1.010515875e-18
3.359599877e+00 9.839529741e-02 9.853987213e-02 9.838980633e-02 5.491076044e-06 2.073424226e-14 8.631740150e-18
3.561583429e+00 9.408439152e-02 9.421400770e-02 9.408107706e-02 3.314452540e-06 2.027905808e-13 6.771951458e-17
3.775710497e+00 7.893135305e-02 7.903545702e-02 7.892964615e-02 1.706899024e-06 1.725022714e-12 4.674930146e-16
4.002711165e+00 7.379998896e-02 7.388967234e-02 7.379906362e-02 9.253272735e-07 1.246531932e-11 2.727844340e-15
4.243359411e+00 6.943586741e-02 6.951511627e-02 6.943517233e-02 6.949971148e-07 8.161101198e-11 1.432278271e-14
4.498475745e+00 5.871723786e-02 5.878048126e-02 5.871676417e-02 4.732252640e-07 4.667499261e-10 6.425198265e-14
4.768930007e+00 5.224923644e-02 5.230345518e-02 5.224892697e-02 3.069712510e-07 2.496195292e-09 2.116474507e-13
5.055644335e+00 4.649642480e-02 4.654237865e-02 4.649630569e-02 1.079142462e-07 1.120225410e-08 2.055642837e-13
5.359596304e+00 4.332767635e-02 4.336908120e-02 4.332758270e-02 4.686167776e-08 4.679467882e-08 1.038381263e-14
5.681822265e+00 3.957429789e-02 3.961066873e-02 3.957410464e-02 1.190505349e-08 1.813396204e-07 7.263079572e-24
6.023420872e+00 3.680691218e-02 3.683944849e-02 3.680627779e-02 0.000000000e+00 6.343902817e-07 0.000000000e+00
6.385556837e+00 3.270122106e-02 3.272850688e-02 3.269916022e-02 0.000000000e+00 2.060848410e-06 0.000000000e+00
6.769464890e+00 2.913769904e-02 2.915703806e-02 2.913136672e-02 0.000000000e+00 6.332318857e-06 0.000000000e+00
7.176453999e+00 2.632003937e-02 2.632703646e-02 2.630267605e-02 0.000000000e+00 1.736332136e-05 0.000000000e+00
7.607911827e+00 2.405229199e-02 2.403232205e-02 2.400126157e-02 0.000000000e+00 5.103042563e-05 0.000000000e+00
8.065309466e+00 2.176110170e-02 2.164162112e-02 2.158397042e-02 0.000000000e+00 1.771312815e-04 0.000000000e+00
8.550206451e+00 1.991552211e-02 1.937303110e-02 1.927479744e-02 0.000000000e+00 6.407246676e-04 0.000000000e+00
9.064256079e+00 2.006908992e-02 1.811971755e-02 1.798479044e-02 0.000000000e+00 2.084299480e-03 0.000000000e+00
9.609211044e+00 2.213003650e-02 1.648595681e-02 1.634027939e-02 0.000000000e+00 5.789757106e-03 0.000000000e+00
1.018692942e+01 2.703416360e-02 1.469562742e-02 1.457966122e-02 0.000000000e+00 1.245450238e-02 0.000000000e+00
1.079938098e+01 3.544369691e-02 1.263544925e-02 1.255543181e-02 0.000000000e+00 2.288826510e-02 0.000000000e+00
1.144865393e+01 5.082061484e-02 1.108758334e-02 1.103450433e-02 0.000000000e+00 3.978611050e-02 0.000000000e+00
1.213696202e+01 7.219894773e-02 9.809229420e-03 9.773556825e-03 0.000000000e+00 6.242539091e-02 0.000000000e+00
1.286665210e+01 1.030264761e-01 8.506515409e-03 8.482630538e-03 0.000000000e+00 9.454384557e-02 0.000000000e+00
1.364021210e+01 1.506451916e-01 7.305924281e-03 7.289952927e-03 0.000000000e+00 1.433552387e-01 0.000000000e+00
1.446027954e+01 2.463685174e-01 6.388255180e-03 6.374982118e-03 0.000000000e+00 2.399935353e-01 0.000000000e+00
1.532965052e+01 4.611874345e-01 5.614051629e-03 5.600991300e-03 0.000000000e+00 4.555864432e-01 0.000000000e+00
1.625128922e+01 8.612624315e-01 4.831512397e-03 4.818127002e-03 0.000000000e+00 8.564443045e-01 0.000000000e+00
1.722833804e+01 1.537706618e+00 4.149752510e-03 4.136714095e-03 0.000000000e+00 1.533569904e+00 0.000000000e+00
1.826412832e+01 2.428249837e+00 3.649289374e-03 3.637118171e-03 0.000000000e+00 2.424612719e+00 0.000000000e+00
1.936219168e+01 3.459354150e+00 3.138567204e-03 3.128687820e-03 0.000000000e+00 3.456225462e+00 0.000000000e+00
2.052627204e+01 4.565732148e+00 2.771803416e-03 2.764065567e-03 0.000000000e+00 4.562968083e+00 0.000000000e+00
2.176033844e+01 5.827453589e+00 2.490584577e-03 2.484575361e-03 0.000000000e+00 5.824969014e+00 0.000000000e+00
2.306859853e+01 7.190783776e+00 2.194086724e-03 2.189294836e-03 0.000000000e+00 7.188594481e+00 0.000000000e+00
2.445551294e+01 8.693803885e+00 1.986677348e-03 1.982872750e-03 0.000000000e+00 8.691821012e+00 0.000000000e+00
2.592581045e+01 1.052924169e+01 1.750035170e-03 1.747054707e-03 0.000000000e+00 1.052749464e+01 0.000000000e+00
2.748450419e+01 1.245651229e+01 1.555082985e-03 1.552703709e-03 0.000000000e+00 1.245495959e+01 0.000000000e+00
2.913690863e+01 1.431308286e+01 1.408003543e-03 1.406097604e-03 0.000000000e+00 1.431167676e+01 0.000000000e+00
3.088865780e+01 1.649100887e+01 1.244376626e-03 1.242862174e-03 0.000000000e+00 1.648976601e+01 0.000000000e+00
3.274572442e+01 1.870254642e+01 1.099725771e-03 1.098536158e-03 0.000000000e+00 1.870144789e+01 0.000000000e+00
3.471444033e+01 2.101117619e+01 9.836103069e-04 9.826514186e-04 0.000000000e+00 2.101019354e+01 0.000000000e+00
3.680151802e+01 2.325969900e+01 8.783742827e-04 8.776074240e-04 0.000000000e+00 2.325882139e+01 0.000000000e+00
3.901407356e+01 2.546401157e+01 7.847881852e-04 7.841748548e-04 0.000000000e+00 2.546322740e+01 0.000000000e+00
4.135965084e+01 2.750455680e+01 6.891413242e-04 6.886620895e-04 0.000000000e+00 2.750386814e+01 0.000000000e+00
4.384624730e+01 2.919690346e+01 6.214965017e-04 6.211090699e-04 0.000000000e+00 2.919628235e+01 0.000000000e+00
4.648234121e+01 3.075538047e+01 5.522853160e-04 5.519832221e-04 0.000000000e+00 3.075482849e+01 0.000000000e+00
4.927692053e+01 3.184554697e+01 4.863456757e-04 4.861082848e-04 0.000000000e+00 3.184506086e+01 0.000000000e+00
5.223951363e+01 3.280440621e+01 4.402897106e-04 4.401001736e-04 0.000000000e+00 3.280396611e+01 0.000000000e+00
5.538022172e+01 3.334800011e+01 3.887292464e-04 3.885790774e-04 0.000000000e+00 3.334761153e+01 0.000000000e+00
5.870975330e+01 3.363499912e+01 3.447122475e-04 3.445965305e-04 0.000000000e+00 3.363465452e+01 0.000000000e+00
6.223946068e+01 3.372019847e+01 3.083143881e-04 3.082206452e-04 0.000000000e+00 3.371989025e+01 0.000000000e+00
6.598137870e+01 3.364608922e+01 2.729651603e-04 2.728918525e-04 0.000000000e+00 3.364581632e+01 0.000000000e+00
6.994826574e+01 3.331202366e+01 2.443507783e-04 2.442935052e-04 0.000000000e+00 3.331177936e+01 0.000000000e+00
7.415364723e+01 3.257102569e+01 2.150526469e-04 2.150075768e-04 0.000000000e+00 3.257081069e+01 0.000000000e+00
7.861186177e+01 3.175428082e+01 1.925272179e-04 1.924920412e-04 0.000000000e+00 3.175408833e+01 0.000000000e+00
8.333811002e+01 3.092306651e+01 1.684531074e-04 1.684255211e-04 0.000000000e+00 3.092289809e+01 0.000000000e+00
8.834850651e+01 2.977892940e+01 1.522403821e-04 1.522180878e-04 0.000000000e+00 2.977877718e+01 0.000000000e+00
9.366013462e+01 2.880050291e+01 1.340005774e-04 1.339833512e-04 0.000000000e+00 2.880036892e+01 0.000000000e+00
9.929110477e+01 2.734842643e+01 7.691193657e-05 7.690306741e-05 0.000000000e+00 2.734834953e+01 0.000000000e+00
1.052606162e+02 2.591282275e+01 0.000000000e+00 0.000000000e+00 0.000000000e+00 2.591282275e+01 0.000000000e+00
1.115890226e+02 2.459052208e+01 0.000000000e+00 0.000000000e+00 0.000000000e+00 2.459052208e+01 0.000000000e+00
1.182979010e+02 2.311667036e+01 0.000000000e+00 0.000000000e+00 0.000000000e+00 2.311667036e+01 0.000000000e+00
1.254101260e+02 2.144310231e+01 0.000000000e+00 0.000000000e+00 0.000000000e+00 2.144310231e+01 0.000000000e+00
1.329499472e+02 1.972343816e+01 0.000000000e+00 0.000000000e+00 0.000000000e+00 1.972343816e+01 0.000000000e+00
1.409430725e+02 1.826264116e+01 0.000000000e+00 0.000000000e+00 0.000000000e+00 1.826264116e+01 0.000000000e+00
1.494167549e+02 1.661417091e+01 0.000000000e+00 0.000000000e+00 0.000000000e+00 1.661417091e+01 0.000000000e+00
1.583998862e+02 1.510481250e+01 0.000000000e+00 0.000000000e+00 0.000000000e+00 1.510481250e+01 0.000000000e+00
1.679230951e+02 1.370446514e+01 0.000000000e+00 0.000000000e+00 0.000000000e+00 1.370446514e+01 0.000000000e+00
1.780188519e+02 1.218668189e+01 0.000000000e+00 0.000000000e+00 0.000000000e+00 1.218668189e+01 0.000000000e+00
1.887215788e+02 1.086243627e+01 0.000000000e+00 0.000000000e+00 0.000000000e+00 1.086243627e+01 0.000000000e+00
2.000677676e+02 9.595484218e+00 0.000000000e+00 0.000000000e+00 0.000000000e+00 9.595484218e+00 0.000000000e+00
2.120961043e+02 8.455635520e+00 0.000000000e+00 0.000000000e+00 0.000000000e+00 8.455635520e+00 0.000000000e+00
2.248476003e+02 7.313423151e+00 0.000000000e+00 0.000000000e+00 0.000000000e+00 7.313423151e+00 0.000000000e+00
2.383657330e+02 6.337940883e+00 0.000000000e+00 0.000000000e+00 0.000000000e+00 6.337940883e+00 0.000000000e+00
2.526965935e+02 5.478439097e+00 0.000000000e+00 0.000000000e+00 0.000000000e+00 5.478439097e+00 0.000000000e+00
2.678890442e+02 4.726462586e+00 0.000000000e+00 0.000000000e+00 0.000000000e+00 4.726462586e+00 0.000000000e+00
2.839948849e+02 4.060579455e+00 0.000000000e+00 0.000000000e+00 0.000000000e+00 4.060579455e+00 0.000000000e+00
3.010690299e+02 3.432106947e+00 0.000000000e+00 0.000000000e+00 0.000000000e+00 3.432106947e+00 0.000000000e+00
3.191696949e+02 2.914060587e+00 0.000000000e+00 0.000000000e+00 0.000000000e+00 2.914060587e+00 0.000000000e+00
3.383585957e+02 2.442043564e+00 0.000000000e+00 0.000000000e+00 0.000000000e+00 2.442043564e+00 0.000000000e+00
3.587011583e+02 2.057630266e+00 0.000000000e+00 0.000000000e+00 0.000000000e+00 2.057630266e+00 0.000000000e+00
3.802667425e+02 1.729767232e+00 0.000000000e+00 0.000000000e+00 0.000000000e+00 1.729767232e+00 0.000000000e+00
4.031288779e+02 1.448556131e+00 0.000000000e+00 0.000000000e+00 0.000000000e+00 1.448556131e+00 0.000000000e+00
4.273655148e+02 1.184888175e+00 0.000000000e+00 0.000000000e+00 0.000000000e+00 1.184888175e+00 0.000000000e+00
4.530592901e+02 9.950361614e-01 0.000000000e+00 0.000000000e+00 0.000000000e+00 9.950361614e-01 0.000000000e+00
4.802978090e+02 8.113816490e-01 0.000000000e+00 0.000000000e+00 0.000000000e+00 8.113816490e-01 0.000000000e+00
5.091739433e+02 6.746279867e-01 0.000000000e+00 0.000000000e+00 0.000000000e+00 6.746279867e-01 0.000000000e+00
5.397861487e+02 5.584676004e-01 0.000000000e+00 0.000000000e+00 0.000000000e+00 5.584676004e-01 0.000000000e+00
5.722388000e+02 4.597615324e-01 0.000000000e+00 0.000000000e+00 0.000000000e+00 4.597615324e-01 0.000000000e+00
6.066425473e+02 3.755064428e-01 0.000000000e+00 0.000000000e+00 0.000000000e+00 3.755064428e-01 0.000000000e+00
6.431146930e+02 3.090301698e-01 0.000000000e+00 0.000000000e+00 0.000000000e+00 3.090301698e-01 0.000000000e+00
6.817795920e+02 2.497656285e-01 0.000000000e+00 0.000000000e+00 0.000000000e+00 2.497656285e-01 0.000000000e+00
7.227690754e+02 2.016839953e-01 0.000000000e+00 0.000000000e+00 0.000000000e+00 2.016839953e-01 0.000000000e+00
7.662229003e+02 1.672976498e-01 0.000000000e+00 0.000000000e+00 0.000000000e+00 1.672976498e-01 0.000000000e+00
8.122892262e+02 1.335997593e-01 0.000000000e+00 0.000000000e+00 0.000000000e+00 1.335997593e-01 0.000000000e+00
8.611251200e+02 1.078435002e-01 0.000000000e+00 0.000000000e+00 0.000000000e+00 1.078435002e-01 0.000000000e+00
9.128970918e+02 8.886329960e-02 0.000000000e+00 0.000000000e+00 0.000000000e+00 8.886329960e-02 0.000000000e+00
9.677816625e+02 7.209790220e-02 0.000000000e+00 0.000000000e+00 0.000000000e+00 7.209790220e-02 0.000000000e+00
1.025965966e+03 6.092123237e-02 0.000000000e+00 0.000000000e+00 0.000000000e+00 6.092123237e-02 0.000000000e+00
1.087648385e+03 5.466708484e-02 0.000000000e+00 0.000000000e+00 0.000000000e+00 5.466708484e-02 0.000000000e+00
1.153039233e+03 5.022343897e-02 0.000000000e+00 0.000000000e+00 0.000000000e+00 5.022343897e-02 0.000000000e+00
1.222361464e+03 4.493636630e-02 0.000000000e+00 0.000000000e+00 0.000000000e+00 4.493636630e-02 0.000000000e+00
1.295851439e+03 4.058487208e-02 0.000000000e+00 0.000000000e+00 0.000000000e+00 4.058487208e-02 0.000000000e+00
1.373759727e+03 3.686121757e-02 0.000000000e+00 0.000000000e+00 0.000000000e+00 3.686121757e-02 0.000000000e+00
1.456351964e+03 3.311166923e-02 0.000000000e+00 0.000000000e+00 0.000000000e+00 3.311166923e-02 0.000000000e+00
1.543909754e+03 2.974359875e-02 0.000000000e+00 0.000000000e+00 0.000000000e+00 2.974359875e-02 0.000000000e+00
1.636731634e+03 2.636470222e-02 0.000000000e+00 0.000000000e+00 0.000000000e+00 2.636470222e-02 0.000000000e+00
1.735134087e+03 2.407803413e-02 0.000000000e+00 0.000000000e+00 0.000000000e+00 2.407803413e-02 0.000000000e+00
1.839452624e+03 2.171290058e-02 0.000000000e+00 0.000000000e+00 0.000000000e+00 2.171290058e-02 0.000000000e+00
1.950042929e+03 1.947980496e-02 0.000000000e+00 0.000000000e+00 0.000000000e+00 1.947980496e-02 0.000000000e+00
2.067282068e+03 1.719722417e-02 0.000000000e+00 0.000000000e+00 0.000000000e+00 1.719722417e-02 0.000000000e+00
2.191569778e+03 1.583503442e-02 0.000000000e+00 0.000000000e+00 0.000000000e+00 1.583503442e-02 0.000000000e+00
2.323329827e+03 1.393336048e-02 0.000000000e+00 0.000000000e+00 0.000000000e+00 1.393336048e-02 0.000000000e+00
2.463011464e+03 1.273136522e-02 0.000000000e+00 0.000000000e+00 0.000000000e+00 1.273136522e-02 0.000000000e+00
2.611090944e+03 1.128965480e-02 0.000000000e+00 0.000000000e+00 0.000000000e+00 1.128965480e-02 0.000000000e+00
2.768073157e+03 1.005420001e-02 0.000000000e+00 0.000000000e+00 0.000000000e+00 1.005420001e-02 0.000000000e+00
2.934493346e+03 9.090323061e-03 0.000000000e+00 0.000000000e+00 0.000000000e+00 9.090323061e-03 0.000000000e+00
3.110918936e+03 8.068315069e-03 0.000000000e+00 0.000000000e+00 0.000000000e+00 8.068315069e-03 0.000000000e+00
3.297951463e+03 7.271246104e-03 0.000000000e+00 0.000000000e+00 0.000000000e+00 7.271246104e-03 0.000000000e+00
3.496228631e+03 6.395375632e-03 0.000000000e+00 0.000000000e+00 0.000000000e+00 6.395375632e-03 0.000000000e+00
3.706426483e+03 5.736266396e-03 0.000000000e+00 0.000000000e+00 0.000000000e+00 5.736266396e-03 0.000000000e+00
3.929261705e+03 5.212342810e-03 0.000000000e+00 0.000000000e+00 0.000000000e+00 5.212342810e-03 0.000000000e+00
4.165494073e+03 4.580857383e-03 0.000000000e+00 0.000000000e+00 0.000000000e+00 4.580857383e-03 0.000000000e+00
4.415929040e+03 4.115877203e-03 0.000000000e+00 0.000000000e+00 0.000000000e+00 4.115877203e-03 0.000000000e+00
4.681420487e+03 3.709010782e-03 0.000000000e+00 0.000000000e+00 0.000000000e+00 3.709010782e-03 0.000000000e+00
4.962873628e+03 3.281619748e-03 0.000000000e+00 0.000000000e+00 0.000000000e+00 3.281619748e-03 0.000000000e+00
5.261248100e+03 2.933312241e-03 0.000000000e+00 0.000000000e+00 0.000000000e+00 2.933312241e-03 0.000000000e+00
5.577561237e+03 2.620166388e-03 0.000000000e+00 0.000000000e+00 0.000000000e+00 2.620166388e-03 0.000000000e+00
5.912891535e+03 2.324821411e-03 0.000000000e+00 0.000000000e+00 0.000000000e+00 2.324821411e-03 0.000000000e+00
6.268382331e+03 2.091423644e-03 0.000000000e+00 0.000000000e+00 0.000000000e+00 2.091423644e-03 0.000000000e+00
6.645245699e+03 1.857623563e-03 0.000000000e+00 0.000000000e+00 0.000000000e+00 1.857623563e-03 0.000000000e+00
7.044766588e+03 1.656199928e-03 0.000000000e+00 0.000000000e+00 0.000000000e+00 1.656199928e-03 0.000000000e+00
7.468307196e+03 1.462997676e-03 0.000000000e+00 0.000000000e+00 0.000000000e+00 1.462997676e-03 0.000000000e+00
7.917311621e+03 1.352632116e-03 0.000000000e+00 0.000000000e+00 0.000000000e+00 1.352632116e-03 0.000000000e+00
8.393310782e+03 1.187593673e-03 0.000000000e+00 0.000000000e+00 0.000000000e+00 1.187593673e-03 0.000000000e+00
8.897927636e+03 1.051620735e-03 0.000000000e+00 0.000000000e+00 0.000000000e+00 1.051620735e-03 0.000000000e+00
9.432882717e+03 9.309840115e-04 0.000000000e+00 0.000000000e+00 0.000000000e+00 9.309840115e-04 0.000000000e+00
1.000000000e+04 7.543471101e-04 0.000000000e+00 0.000000000e+00 0.000000000e+00 7.543471101e-04 0.000000000e+00
