# column 1: wavelength (micron)
# column 2: total flux; F_nu (Jy)
# column 3: transparent flux; F_nu (Jy)
# column 4: direct primary flux; F_nu (Jy)
# column 5: scattered primary flux; F_nu (Jy)
# column 6: direct secondary flux; F_nu (Jy)
# column 7: scattered secondary flux; F_nu (Jy)
9.000000000e-02 1.196214677e-02 3.389469684e-02 9.537289480e-03 2.424857292e-03 0.000000000e+00 0.000000000e+00
9.541091806e-02 6.731342539e-02 1.756704147e-01 5.388588441e-02 1.342754098e-02 0.000000000e+00 0.000000000e+00
1.011471476e-01 9.348589347e-02 2.087097901e-01 7.542767782e-02 1.805821565e-02 0.000000000e+00 0.000000000e+00
1.072282468e-01 1.263577778e-01 2.376548314e-01 1.037382264e-01 2.261955141e-02 0.000000000e+00 0.000000000e+00
1.136749497e-01 1.401507641e-01 2.380624239e-01 1.167264273e-01 2.342433683e-02 0.000000000e+00 0.000000000e+00
1.205092367e-01 1.206128478e-01 1.992071754e-01 9.920702005e-02 2.140582773e-02 0.000000000e+00 0.000000000e+00
1.277544101e-01 1.523085247e-01 2.303864352e-01 1.283450212e-01 2.396350357e-02 0.000000000e+00 0.000000000e+00
1.354351729e-01 1.629937383e-01 2.336729587e-01 1.390316244e-01 2.396211392e-02 0.000000000e+00 0.000000000e+00
1.435777131e-01 1.639494717e-01 2.244386662e-01 1.406317943e-01 2.331767742e-02 0.000000000e+00 0.000000000e+00
1.522097936e-01 1.655513008e-01 2.163679242e-01 1.419604122e-01 2.359088859e-02 0.000000000e+00 0.000000000e+00
1.613608460e-01 1.662512912e-01 2.101483738e-01 1.429833938e-01 2.326789743e-02 0.000000000e+00 0.000000000e+00
1.710620718e-01 1.685611351e-01 2.071967166e-01 1.436534390e-01 2.490769608e-02 0.000000000e+00 0.000000000e+00
1.813465479e-01 1.679795037e-01 2.027013450e-01 1.420608349e-01 2.591866880e-02 0.000000000e+00 0.000000000e+00
1.922493402e-01 1.643823641e-01 1.960075419e-01 1.374144313e-01 2.696793279e-02 0.000000000e+00 0.000000000e+00
2.038076228e-01 1.590934427e-01 1.880059997e-01 1.306578862e-01 2.843555655e-02 0.000000000e+00 0.000000000e+00
2.160608044e-01 1.594582854e-01 1.866651939e-01 1.294351057e-01 3.002317971e-02 0.000000000e+00 0.000000000e+00
2.290506634e-01 1.559368476e-01 1.780057274e-01 1.261928439e-01 2.974400369e-02 0.000000000e+00 0.000000000e+00
2.428214897e-01 1.523743241e-01 1.702699553e-01 1.227170543e-01 2.965726978e-02 0.000000000e+00 0.000000000e+00
2.574202362e-01 1.520104595e-01 1.677099487e-01 1.231973030e-01 2.881315648e-02 0.000000000e+00 0.000000000e+00
2.728966785e-01 1.530132583e-01 1.667429346e-01 1.244705435e-01 2.854271475e-02 0.000000000e+00 0.000000000e+00
2.893035848e-01 1.548318368e-01 1.672958245e-01 1.276642504e-01 2.716758643e-02 0.000000000e+00 0.000000000e+00
3.066968958e-01 1.576608754e-01 1.690033629e-01 1.319140910e-01 2.574678442e-02 0.000000000e+00 0.000000000e+00
3.251359155e-01 1.578342833e-01 1.680302325e-01 1.329173089e-01 2.491697437e-02 0.000000000e+00 0.000000000e+00
3.446835132e-01 1.601264995e-01 1.696184872e-01 1.360629875e-01 2.406351201e-02 0.000000000e+00 0.000000000e+00
3.654063382e-01 1.697718522e-01 1.789050188e-01 1.461212698e-01 2.365058241e-02 0.000000000e+00 0.000000000e+00
3.873750465e-01 2.651202827e-01 2.764157816e-01 2.343527143e-01 3.076756835e-02 0.000000000e+00 0.000000000e+00
4.106645425e-01 3.181498786e-01 3.294199206e-01 2.847902830e-01 3.335959555e-02 0.000000000e+00 0.000000000e+00
4.353542335e-01 3.101809639e-01 3.205426259e-01 2.793254540e-01 3.085550988e-02 0.000000000e+00 0.000000000e+00
4.615283011e-01 3.225083330e-01 3.324583448e-01 2.922241294e-01 3.028420364e-02 0.000000000e+00 0.000000000e+00
4.892759879e-01 3.088401009e-01 3.175804375e-01 2.808710652e-01 2.796903568e-02 0.000000000e+00 0.000000000e+00
5.186919022e-01 3.147409387e-01 3.228960234e-01 2.882840319e-01 2.645690679e-02 0.000000000e+00 0.000000000e+00
5.498763397e-01 3.152694759e-01 3.227391652e-01 2.907100214e-01 2.455945450e-02 0.000000000e+00 0.000000000e+00
5.829356266e-01 3.202352725e-01 3.270430791e-01 2.969919601e-01 2.324331240e-02 0.000000000e+00 0.000000000e+00
6.179824811e-01 3.219957195e-01 3.283800502e-01 3.000093012e-01 2.198641835e-02 0.000000000e+00 0.000000000e+00
6.551363985e-01 3.205384532e-01 3.263599299e-01 2.997732998e-01 2.076515335e-02 0.000000000e+00 0.000000000e+00
6.945240582e-01 3.241797590e-01 3.296550934e-01 3.050977943e-01 1.908196476e-02 0.000000000e+00 0.000000000e+00
7.362797556e-01 3.246494237e-01 3.298383864e-01 3.076899346e-01 1.695948908e-02 0.000000000e+00 0.000000000e+00
7.805458603e-01 3.226250344e-01 3.274342615e-01 3.072499624e-01 1.537507205e-02 0.000000000e+00 0.000000000e+00
8.274733014e-01 3.213832764e-01 3.256274665e-01 3.071145109e-01 1.426876542e-02 0.000000000e+00 0.000000000e+00
8.772220817e-01 3.234072096e-01 3.275231673e-01 3.101931610e-01 1.321404861e-02 0.000000000e+00 0.000000000e+00
9.299618239e-01 3.241406531e-01 3.278932699e-01 3.121015187e-01 1.203913441e-02 0.000000000e+00 0.000000000e+00
9.858723487e-01 3.158787725e-01 3.191936164e-01 3.055614828e-01 1.031728971e-02 4.289690650e-57 5.353745680e-58
1.045144288e+00 3.069821500e-01 3.099723152e-01 2.981179184e-01 8.864231627e-03 1.401307218e-53 1.609350574e-54
1.107979733e+00 2.902907219e-01 2.928596074e-01 2.828411595e-01 7.449562418e-03 2.483196189e-50 2.468516044e-51
1.174592928e+00 2.808528249e-01 2.831521584e-01 2.743392745e-01 6.513550455e-03 2.766711834e-47 2.621091389e-48
1.245210996e+00 2.694345133e-01 2.716770447e-01 2.640230147e-01 5.411498649e-03 2.292640373e-44 1.731759134e-45
1.320074714e+00 2.666062519e-01 2.685491652e-01 2.619233497e-01 4.682902238e-03 1.185182135e-41 8.333813034e-43
1.399439338e+00 2.615312667e-01 2.633418337e-01 2.576248228e-01 3.906443941e-03 4.797805790e-39 2.919585820e-40
1.483575466e+00 2.604500089e-01 2.620250747e-01 2.570819669e-01 3.368041995e-03 1.256716064e-36 6.552679557e-38
1.572769969e+00 2.626082884e-01 2.640847604e-01 2.596692696e-01 2.939018781e-03 2.453635343e-34 1.103835419e-35
1.667326963e+00 2.638649417e-01 2.652582465e-01 2.613270381e-01 2.537903606e-03 3.418724598e-32 1.307343531e-33
1.767568847e+00 2.475035533e-01 2.486962706e-01 2.454590066e-01 2.044546705e-03 3.651280350e-30 1.172041940e-31
1.873837405e+00 2.264918661e-01 2.275186701e-01 2.249165916e-01 1.575274581e-03 2.952190433e-28 8.214674434e-30
1.986494968e+00 2.164092231e-01 2.173133604e-01 2.151466357e-01 1.262587497e-03 1.767929423e-26 4.189159730e-28
2.105925651e+00 1.999342282e-01 2.007031596e-01 1.989523654e-01 9.818627451e-04 8.573019697e-25 1.702899270e-26
2.232536664e+00 1.807197294e-01 1.813762217e-01 1.799683159e-01 7.514135065e-04 3.436836718e-23 5.716544116e-25
2.366759696e+00 1.640128627e-01 1.645615805e-01 1.634343676e-01 5.784950761e-04 9.761890887e-22 1.336279080e-23
2.509052394e+00 1.386452708e-01 1.390880908e-01 1.382360588e-01 4.092119169e-04 2.544094545e-20 2.945627007e-22
2.659899915e+00 1.387676438e-01 1.391747590e-01 1.384373712e-01 3.302726436e-04 5.194669028e-19 4.955668587e-21
2.819816587e+00 1.339641910e-01 1.343203998e-01 1.337022703e-01 2.619207437e-04 9.081855511e-18 7.133942156e-20
2.989347660e+00 1.128066551e-01 1.130913103e-01 1.126252785e-01 1.813765733e-04 1.285464220e-16 8.290827854e-19
3.169071162e+00 1.009859722e-01 1.012200469e-01 1.008535561e-01 1.324160741e-04 1.649537350e-15 8.684040787e-18
3.359599877e+00 9.869925558e-02 9.891361497e-02 9.859546264e-02 1.037929363e-04 1.644105889e-14 7.038742609e-17
3.561583429e+00 9.401510559e-02 9.420529053e-02 9.393488041e-02 8.022517628e-05 1.492766164e-13 5.170271075e-16
3.775710497e+00 7.940310917e-02 7.955232790e-02 7.934814379e-02 5.496537631e-05 1.150491724e-12 3.199985040e-15
4.002711165e+00 7.262460623e-02 7.274939310e-02 7.258472136e-02 3.988486010e-05 8.168852631e-12 1.831358083e-14
4.243359411e+00 6.930543029e-02 6.941423841e-02 6.927513799e-02 3.029224657e-05 4.895748490e-11 8.780696181e-14
4.498475745e+00 5.852823313e-02 5.861413524e-02 5.850806378e-02 2.016908944e-05 2.637826280e-10 3.747449298e-13
4.768930007e+00 5.264297795e-02 5.271584332e-02 5.262918749e-02 1.378914021e-05 1.323342960e-09 1.487045732e-12
5.055644335e+00 4.641783850e-02 4.647919436e-02 4.640854912e-02 9.283492626e-06 5.877980442e-09 5.195691717e-12
5.359596304e+00 4.330510356e-02 4.335928469e-02 4.329867154e-02 6.409545988e-06 2.245692972e-08 1.544025299e-11
5.681822265e+00 4.045599366e-02 4.050427991e-02 4.045165260e-02 4.255219982e-06 8.579433201e-08 4.575948058e-11
6.023420872e+00 3.665995509e-02 3.670188501e-02 3.665707538e-02 2.597223266e-06 2.823740259e-07 1.158204681e-10
6.385556837e+00 3.245232823e-02 3.248859901e-02 3.245010920e-02 1.342547756e-06 8.762062441e-07 2.718471424e-10
6.769464890e+00 2.935157834e-02 2.938111868e-02 2.934834239e-02 6.080389857e-07 2.627308523e-06 6.036808280e-10
7.176453999e+00 2.615266741e-02 2.617464252e-02 2.614531604e-02 2.917899492e-07 7.058419116e-06 1.158602445e-09
7.607911827e+00 2.374879501e-02 2.376398939e-02 2.372876734e-02 1.468987155e-07 1.987882171e-05 1.950135711e-09
8.065309466e+00 2.169480544e-02 2.169054558e-02 2.162861855e-02 6.165825861e-08 6.612369907e-05 1.536604019e-09
8.550206451e+00 1.987398158e-02 1.973796288e-02 1.963431902e-02 6.158398333e-08 2.395932693e-04 7.700858218e-09
9.064256079e+00 1.855531601e-02 1.792652973e-02 1.778860584e-02 9.965941555e-08 7.665320271e-04 7.848952696e-08
9.609211044e+00 1.860827868e-02 1.665139434e-02 1.649959167e-02 1.244737467e-07 2.108264922e-03 2.976161886e-07
1.018692942e+01 1.908819873e-02 1.470634813e-02 1.458814090e-02 9.966507103e-08 4.499376405e-03 5.817667243e-07
1.079938098e+01 2.029424762e-02 1.271921141e-02 1.263561018e-02 7.182592174e-08 7.657909589e-03 6.560247188e-07
1.144865393e+01 2.406526947e-02 1.117429487e-02 1.111809054e-02 2.589613271e-08 1.294699610e-02 1.569386448e-07
1.213696202e+01 3.029434609e-02 9.697682335e-03 9.660332415e-03 8.716918376e-09 2.063400484e-02 1.207962856e-10
1.286665210e+01 3.942421116e-02 8.259955558e-03 8.235810339e-03 3.315438389e-10 3.118840049e-02 2.236495408e-14
1.364021210e+01 5.084525225e-02 7.331953377e-03 7.315058404e-03 0.000000000e+00 4.353019384e-02 0.000000000e+00
1.446027954e+01 8.315318965e-02 6.327471025e-03 6.313946869e-03 0.000000000e+00 7.683924278e-02 0.000000000e+00
1.532965052e+01 1.496352259e-01 5.444983931e-03 5.431737640e-03 0.000000000e+00 1.442034883e-01 0.000000000e+00
1.625128922e+01 2.699130212e-01 4.859089947e-03 4.845465351e-03 0.000000000e+00 2.650675559e-01 0.000000000e+00
1.722833804e+01 4.834880720e-01 4.195817347e-03 4.182322641e-03 0.000000000e+00 4.793057494e-01 0.000000000e+00
1.826412832e+01 7.714877228e-01 3.634372257e-03 3.622092129e-03 0.000000000e+00 7.678656306e-01 0.000000000e+00
1.936219168e+01 1.113567903e+00 3.162442898e-03 3.152295894e-03 0.000000000e+00 1.110415607e+00 0.000000000e+00
2.052627204e+01 1.489522764e+00 2.783207399e-03 2.775288117e-03 0.000000000e+00 1.486747476e+00 0.000000000e+00
2.176033844e+01 1.916816764e+00 2.485076665e-03 2.478779401e-03 0.000000000e+00 1.914337985e+00 0.000000000e+00
2.306859853e+01 2.447473398e+00 2.213069076e-03 2.208202832e-03 0.000000000e+00 2.445265195e+00 0.000000000e+00
2.445551294e+01 3.091652252e+00 1.984802029e-03 1.980888119e-03 0.000000000e+00 3.089671364e+00 0.000000000e+00
2.592581045e+01 3.792249770e+00 1.734658043e-03 1.731635861e-03 0.000000000e+00 3.790518134e+00 0.000000000e+00
2.748450419e+01 4.628305113e+00 1.571514002e-03 1.569066279e-03 0.000000000e+00 4.626736047e+00 0.000000000e+00
2.913690863e+01 5.601311035e+00 1.377146440e-03 1.375232805e-03 0.000000000e+00 5.599935802e+00 0.000000000e+00
3.088865780e+01 6.647112537e+00 1.250446563e-03 1.248898653e-03 0.000000000e+00 6.645863639e+00 0.000000000e+00
3.274572442e+01 7.810468610e+00 1.100427304e-03 1.099213589e-03 0.000000000e+00 7.809369396e+00 0.000000000e+00
3.471444033e+01 9.081606460e+00 9.933443095e-04 9.923538955e-04 0.000000000e+00 9.080614107e+00 0.000000000e+00
3.680151802e+01 1.047918237e+01 8.753681483e-04 8.745872023e-04 0.000000000e+00 1.047830778e+01 0.000000000e+00
3.901407356e+01 1.184862830e+01 7.721654396e-04 7.715473802e-04 0.000000000e+00 1.184785676e+01 0.000000000e+00
4.135965084e+01 1.320260064e+01 6.988896589e-04 6.983856286e-04 0.000000000e+00 1.320190226e+01 0.000000000e+00
4.384624730e+01 1.454035814e+01 6.198106109e-04 6.194196444e-04 0.000000000e+00 1.453973872e+01 0.000000000e+00
4.648234121e+01 1.585936662e+01 5.531806141e-04 5.528710805e-04 0.000000000e+00 1.585881375e+01 0.000000000e+00
4.927692053e+01 1.706504911e+01 4.895430061e-04 4.892954420e-04 0.000000000e+00 1.706455981e+01 0.000000000e+00
5.223951363e+01 1.820047764e+01 4.374102462e-04 4.372135676e-04 0.000000000e+00 1.820004043e+01 0.000000000e+00
5.538022172e+01 1.914075627e+01 3.879791787e-04 3.878271038e-04 0.000000000e+00 1.914036844e+01 0.000000000e+00
5.870975330e+01 1.991635341e+01 3.453403527e-04 3.452194477e-04 0.000000000e+00 1.991600819e+01 0.000000000e+00
6.223946068e+01 2.067297233e+01 3.064195040e-04 3.063257040e-04 0.000000000e+00 2.067266600e+01 0.000000000e+00
6.598137870e+01 2.111872915e+01 2.757961596e-04 2.757214006e-04 0.000000000e+00 2.111845343e+01 0.000000000e+00
6.994826574e+01 2.142515846e+01 2.420361361e-04 2.419780042e-04 0.000000000e+00 2.142491648e+01 0.000000000e+00
7.415364723e+01 2.162985251e+01 2.171098609e-04 2.170638790e-04 0.000000000e+00 2.162963545e+01 0.000000000e+00
7.861186177e+01 2.156782577e+01 1.925848868e-04 1.925489640e-04 0.000000000e+00 2.156763322e+01 0.000000000e+00
8.333811002e+01 2.151767076e+01 1.684603509e-04 1.684326098e-04 0.000000000e+00 2.151750233e+01 0.000000000e+00
8.834850651e+01 2.113256481e+01 1.515220897e-04 1.515000332e-04 0.000000000e+00 2.113241331e+01 0.000000000e+00
9.366013462e+01 2.070600756e+01 1.353500572e-04 1.353326064e-04 0.000000000e+00 2.070587223e+01 0.000000000e+00
9.929110477e+01 1.999785904e+01 7.791229517e-05 7.790311841e-05 0.000000000e+00 1.999778114e+01 0.000000000e+00
1.052606162e+02 1.936024579e+01 0.000000000e+00 0.000000000e+00 0.000000000e+00 1.936024579e+01 0.000000000e+00
1.115890226e+02 1.853821358e+01 0.000000000e+00 0.000000000e+00 0.000000000e+00 1.853821358e+01 0.000000000e+00
1.182979010e+02 1.783219477e+01 0.000000000e+00 0.000000000e+00 0.000000000e+00 1.783219477e+01 0.000000000e+00
1.254101260e+02 1.674912629e+01 0.000000000e+00 0.000000000e+00 0.000000000e+00 1.674912629e+01 0.000000000e+00
1.329499472e+02 1.574178384e+01 0.000000000e+00 0.000000000e+00 0.000000000e+00 1.574178384e+01 0.000000000e+00
1.409430725e+02 1.469258839e+01 0.000000000e+00 0.000000000e+00 0.000000000e+00 1.469258839e+01 0.000000000e+00
1.494167549e+02 1.350196865e+01 0.000000000e+00 0.000000000e+00 0.000000000e+00 1.350196865e+01 0.000000000e+00
1.583998862e+02 1.232463151e+01 0.000000000e+00 0.000000000e+00 0.000000000e+00 1.232463151e+01 0.000000000e+00
1.679230951e+02 1.119768628e+01 0.000000000e+00 0.000000000e+00 0.000000000e+00 1.119768628e+01 0.000000000e+00
1.780188519e+02 9.979704921e+00 0.000000000e+00 0.000000000e+00 0.000000000e+00 9.979704921e+00 0.000000000e+00
1.887215788e+02 8.960522086e+00 0.000000000e+00 0.000000000e+00 0.000000000e+00 8.960522086e+00 0.000000000e+00
2.000677676e+02 8.029003698e+00 0.000000000e+00 0.000000000e+00 0.000000000e+00 8.029003698e+00 0.000000000e+00
2.120961043e+02 7.088023223e+00 0.000000000e+00 0.000000000e+00 0.000000000e+00 7.088023223e+00 0.000000000e+00
2.248476003e+02 6.228351114e+00 0.000000000e+00 0.000000000e+00 0.000000000e+00 6.228351114e+00 0.000000000e+00
2.383657330e+02 5.435719626e+00 0.000000000e+00 0.000000000e+00 0.000000000e+00 5.435719626e+00 0.000000000e+00
2.526965935e+02 4.759869812e+00 0.000000000e+00 0.000000000e+00 0.000000000e+00 4.759869812e+00 0.000000000e+00
2.678890442e+02 4.095960846e+00 0.000000000e+00 0.000000000e+00 0.000000000e+00 4.095960846e+00 0.000000000e+00
2.839948849e+02 3.514281068e+00 0.000000000e+00 0.000000000e+00 0.000000000e+00 3.514281068e+00 0.000000000e+00
3.010690299e+02 2.997865542e+00 0.000000000e+00 0.000000000e+00 0.000000000e+00 2.997865542e+00 0.000000000e+00
3.191696949e+02 2.547278583e+00 0.000000000e+00 0.000000000e+00 0.000000000e+00 2.547278583e+00 0.000000000e+00
3.383585957e+02 2.152186487e+00 0.000000000e+00 0.000000000e+00 0.000000000e+00 2.152186487e+00 0.000000000e+00
3.587011583e+02 1.839849118e+00 0.000000000e+00 0.000000000e+00 0.000000000e+00 1.839849118e+00 0.000000000e+00
3.802667425e+02 1.543920663e+00 0.000000000e+00 0.000000000e+00 0.000000000e+00 1.543920663e+00 0.000000000e+00
4.031288779e+02 1.308705653e+00 0.000000000e+00 0.000000000e+00 0.000000000e+00 1.308705653e+00 0.000000000e+00
4.273655148e+02 1.068826066e+00 0.000000000e+00 0.000000000e+00 0.000000000e+00 1.068826066e+00 0.000000000e+00
4.530592901e+02 8.861463263e-01 0.000000000e+00 0.000000000e+00 0.000000000e+00 8.861463263e-01 0.000000000e+00
4.802978090e+02 7.390652454e-01 0.000000000e+00 0.000000000e+00 0.000000000e+00 7.390652454e-01 0.000000000e+00
5.091739433e+02 6.170960488e-01 0.000000000e+00 0.000000000e+00 0.000000000e+00 6.170960488e-01 0.000000000e+00
5.397861487e+02 5.142700822e-01 0.000000000e+00 0.000000000e+00 0.000000000e+00 5.142700822e-01 0.000000000e+00
5.722388000e+02 4.140969800e-01 0.000000000e+00 0.000000000e+00 0.000000000e+00 4.140969800e-01 0.000000000e+00
6.066425473e+02 3.472127077e-01 0.000000000e+00 0.000000000e+00 0.000000000e+00 3.472127077e-01 0.000000000e+00
6.431146930e+02 2.804225557e-01 0.000000000e+00 0.000000000e+00 0.000000000e+00 2.804225557e-01 0.000000000e+00
6.817795920e+02 2.307683496e-01 0.000000000e+00 0.000000000e+00 0.000000000e+00 2.307683496e-01 0.000000000e+00
7.227690754e+02 1.897079813e-01 0.000000000e+00 0.000000000e+00 0.000000000e+00 1.897079813e-01 0.000000000e+00
7.662229003e+02 1.512263010e-01 0.000000000e+00 0.000000000e+00 0.000000000e+00 1.512263010e-01 0.000000000e+00
8.122892262e+02 1.247208928e-01 0.000000000e+00 0.000000000e+00 0.000000000e+00 1.247208928e-01 0.000000000e+00
8.611251200e+02 1.022865715e-01 0.000000000e+00 0.000000000e+00 0.000000000e+00 1.022865715e-01 0.000000000e+00
9.128970918e+02 8.351159438e-02 0.000000000e+00 0.000000000e+00 0.000000000e+00 8.351159438e-02 0.000000000e+00
9.677816625e+02 6.672127419e-02 0.000000000e+00 0.000000000e+00 0.000000000e+00 6.672127419e-02 0.000000000e+00
1.025965966e+03 5.633806293e-02 0.000000000e+00 0.000000000e+00 0.000000000e+00 5.633806293e-02 0.000000000e+00
1.087648385e+03 5.046932008e-02 0.000000000e+00 0.000000000e+00 0.000000000e+00 5.046932008e-02 0.000000000e+00
1.153039233e+03 4.642832130e-02 0.000000000e+00 0.000000000e+00 0.000000000e+00 4.642832130e-02 0.000000000e+00
1.222361464e+03 4.200450209e-02 0.000000000e+00 0.000000000e+00 0.000000000e+00 4.200450209e-02 0.000000000e+00
1.295851439e+03 3.804466991e-02 0.000000000e+00 0.000000000e+00 0.000000000e+00 3.804466991e-02 0.000000000e+00
1.373759727e+03 3.450796172e-02 0.000000000e+00 0.000000000e+00 0.000000000e+00 3.450796172e-02 0.000000000e+00
1.456351964e+03 3.164301980e-02 0.000000000e+00 0.000000000e+00 0.000000000e+00 3.164301980e-02 0.000000000e+00
1.543909754e+03 2.807663609e-02 0.000000000e+00 0.000000000e+00 0.000000000e+00 2.807663609e-02 0.000000000e+00
1.636731634e+03 2.533739668e-02 0.000000000e+00 0.000000000e+00 0.000000000e+00 2.533739668e-02 0.000000000e+00
1.735134087e+03 2.240627451e-02 0.000000000e+00 0.000000000e+00 0.000000000e+00 2.240627451e-02 0.000000000e+00
1.839452624e+03 2.038377438e-02 0.000000000e+00 0.000000000e+00 0.000000000e+00 2.038377438e-02 0.000000000e+00
1.950042929e+03 1.852218853e-02 0.000000000e+00 0.000000000e+00 0.000000000e+00 1.852218853e-02 0.000000000e+00
2.067282068e+03 1.647165462e-02 0.000000000e+00 0.000000000e+00 0.000000000e+00 1.647165462e-02 0.000000000e+00
2.191569778e+03 1.488940667e-02 0.000000000e+00 0.000000000e+00 0.000000000e+00 1.488940667e-02 0.000000000e+00
2.323329827e+03 1.329843964e-02 0.000000000e+00 0.000000000e+00 0.000000000e+00 1.329843964e-02 0.000000000e+00
2.463011464e+03 1.195189545e-02 0.000000000e+00 0.000000000e+00 0.000000000e+00 1.195189545e-02 0.000000000e+00
2.611090944e+03 1.071492908e-02 0.000000000e+00 0.000000000e+00 0.000000000e+00 1.071492908e-02 0.000000000e+00
2.768073157e+03 9.666008180e-03 0.000000000e+00 0.000000000e+00 0.000000000e+00 9.666008180e-03 0.000000000e+00
2.934493346e+03 8.593875077e-03 0.000000000e+00 0.000000000e+00 0.000000000e+00 8.593875077e-03 0.000000000e+00
3.110918936e+03 7.650730207e-03 0.000000000e+00 0.000000000e+00 0.000000000e+00 7.650730207e-03 0.000000000e+00
3.297951463e+03 6.880995922e-03 0.000000000e+00 0.000000000e+00 0.000000000e+00 6.880995922e-03 0.000000000e+00
3.496228631e+03 6.109140289e-03 0.000000000e+00 0.000000000e+00 0.000000000e+00 6.109140289e-03 0.000000000e+00
3.706426483e+03 5.498240488e-03 0.000000000e+00 0.000000000e+00 0.000000000e+00 5.498240488e-03 0.000000000e+00
3.929261705e+03 4.973435260e-03 0.000000000e+00 0.000000000e+00 0.000000000e+00 4.973435260e-03 0.000000000e+00
4.165494073e+03 4.384616367e-03 0.000000000e+00 0.000000000e+00 0.000000000e+00 4.384616367e-03 0.000000000e+00
4.415929040e+03 3.929743023e-03 0.000000000e+00 0.000000000e+00 0.000000000e+00 3.929743023e-03 0.000000000e+00
4.681420487e+03 3.535421127e-03 0.000000000e+00 0.000000000e+00 0.000000000e+00 3.535421127e-03 0.000000000e+00
4.962873628e+03 3.133983931e-03 0.000000000e+00 0.000000000e+00 0.000000000e+00 3.133983931e-03 0.000000000e+00
5.261248100e+03 2.814060674e-03 0.000000000e+00 0.000000000e+00 0.000000000e+00 2.814060674e-03 0.000000000e+00
5.577561237e+03 2.498694157e-03 0.000000000e+00 0.000000000e+00 0.000000000e+00 2.498694157e-03 0.000000000e+00
5.912891535e+03 2.241494606e-03 0.000000000e+00 0.000000000e+00 0.000000000e+00 2.241494606e-03 0.000000000e+00
6.268382331e+03 2.001191835e-03 0.000000000e+00 0.000000000e+00 0.000000000e+00 2.001191835e-03 0.000000000e+00
6.645245699e+03 1.757742133e-03 0.000000000e+00 0.000000000e+00 0.000000000e+00 1.757742133e-03 0.000000000e+00
7.044766588e+03 1.589786725e-03 0.000000000e+00 0.000000000e+00 0.000000000e+00 1.589786725e-03 0.000000000e+00
7.468307196e+03 1.429334619e-03 0.000000000e+00 0.000000000e+00 0.000000000e+00 1.429334619e-03 0.000000000e+00
7.917311621e+03 1.281799981e-03 0.000000000e+00 0.000000000e+00 0.000000000e+00 1.281799981e-03 0.000000000e+00
8.393310782e+03 1.127133325e-03 0.000000000e+00 0.000000000e+00 0.000000000e+00 1.127133325e-03 0.000000000e+00
8.897927636e+03 1.008693328e-03 0.000000000e+00 0.000000000e+00 0.000000000e+00 1.008693328e-03 0.000000000e+00
9.432882717e+03 9.038037817e-04 0.000000000e+00 0.000000000e+00 0.000000000e+00 9.038037817e-04 0.000000000e+00
1.000000000e+04 7.238808748e-04 0.000000000e+00 0.000000000e+00 0.000000000e+00 7.238808748e-04 0.000000000e+00
