# column 1: wavelength (micron)
# column 2: total flux; F_nu (Jy)
# column 3: transparent flux; F_nu (Jy)
# column 4: direct primary flux; F_nu (Jy)
# column 5: scattered primary flux; F_nu (Jy)
# column 6: direct secondary flux; F_nu (Jy)
# column 7: scattered secondary flux; F_nu (Jy)
9.000000000e-02 9.704534213e-03 3.382580192e-02 7.368573854e-03 2.335960359e-03 0.000000000e+00 0.000000000e+00
9.541091806e-02 5.592126768e-02 1.754371446e-01 4.244523349e-02 1.347603419e-02 0.000000000e+00 0.000000000e+00
1.011471476e-01 8.086607544e-02 2.098850534e-01 6.211082139e-02 1.875525405e-02 0.000000000e+00 0.000000000e+00
1.072282468e-01 1.125830355e-01 2.373909499e-01 8.879755933e-02 2.378547616e-02 0.000000000e+00 0.000000000e+00
1.136749497e-01 1.268906041e-01 2.373060285e-01 1.021691238e-01 2.472148023e-02 0.000000000e+00 0.000000000e+00
1.205092367e-01 1.101694452e-01 1.998783923e-01 8.696652528e-02 2.320291996e-02 0.000000000e+00 0.000000000e+00
1.277544101e-01 1.415992873e-01 2.298001418e-01 1.152542947e-01 2.634499267e-02 0.000000000e+00 0.000000000e+00
1.354351729e-01 1.541567959e-01 2.341980087e-01 1.272225392e-01 2.693425671e-02 0.000000000e+00 0.000000000e+00
1.435777131e-01 1.561195145e-01 2.242634093e-01 1.295701840e-01 2.654933053e-02 0.000000000e+00 0.000000000e+00
1.522097936e-01 1.590205249e-01 2.165382641e-01 1.322067520e-01 2.681377284e-02 0.000000000e+00 0.000000000e+00
1.613608460e-01 1.605420205e-01 2.103559710e-01 1.339395699e-01 2.660245060e-02 0.000000000e+00 0.000000000e+00
1.710620718e-01 1.626719496e-01 2.064540465e-01 1.344096654e-01 2.826228412e-02 0.000000000e+00 0.000000000e+00
1.813465479e-01 1.632424690e-01 2.030886837e-01 1.340556009e-01 2.918686808e-02 0.000000000e+00 0.000000000e+00
1.922493402e-01 1.613755632e-01 1.970192721e-01 1.302290330e-01 3.114653020e-02 0.000000000e+00 0.000000000e+00
2.038076228e-01 1.552136853e-01 1.887837148e-01 1.234328124e-01 3.178087291e-02 0.000000000e+00 0.000000000e+00
2.160608044e-01 1.558526215e-01 1.866907312e-01 1.220385428e-01 3.381407870e-02 0.000000000e+00 0.000000000e+00
2.290506634e-01 1.533124812e-01 1.782417630e-01 1.195340160e-01 3.377846520e-02 0.000000000e+00 0.000000000e+00
2.428214897e-01 1.512519803e-01 1.717638410e-01 1.174126070e-01 3.383937328e-02 0.000000000e+00 0.000000000e+00
2.574202362e-01 1.497830173e-01 1.672558846e-01 1.172745790e-01 3.250843832e-02 0.000000000e+00 0.000000000e+00
2.728966785e-01 1.506325125e-01 1.660971571e-01 1.186211352e-01 3.201137735e-02 0.000000000e+00 0.000000000e+00
2.893035848e-01 1.539604783e-01 1.679783094e-01 1.232779961e-01 3.068248216e-02 0.000000000e+00 0.000000000e+00
3.066968958e-01 1.569253785e-01 1.696374366e-01 1.278955087e-01 2.902986977e-02 0.000000000e+00 0.000000000e+00
3.251359155e-01 1.569289572e-01 1.682630505e-01 1.290961691e-01 2.783278812e-02 0.000000000e+00 0.000000000e+00
3.446835132e-01 1.591425209e-01 1.693292010e-01 1.320097239e-01 2.713279700e-02 0.000000000e+00 0.000000000e+00
3.654063382e-01 1.698945608e-01 1.798139966e-01 1.435289888e-01 2.636557201e-02 0.000000000e+00 0.000000000e+00
3.873750465e-01 2.616855039e-01 2.736964651e-01 2.284062404e-01 3.327926349e-02 0.000000000e+00 0.000000000e+00
4.106645425e-01 3.175860937e-01 3.301283451e-01 2.819583270e-01 3.562776667e-02 0.000000000e+00 0.000000000e+00
4.353542335e-01 3.092082289e-01 3.198450182e-01 2.758400000e-01 3.336822888e-02 0.000000000e+00 0.000000000e+00
4.615283011e-01 3.225963252e-01 3.327796739e-01 2.893640585e-01 3.323226672e-02 0.000000000e+00 0.000000000e+00
4.892759879e-01 3.094844465e-01 3.187684028e-01 2.793729767e-01 3.011146979e-02 0.000000000e+00 0.000000000e+00
5.186919022e-01 3.140379451e-01 3.225995439e-01 2.861538495e-01 2.788409560e-02 0.000000000e+00 0.000000000e+00
5.498763397e-01 3.142564995e-01 3.218977140e-01 2.878791660e-01 2.637733348e-02 0.000000000e+00 0.000000000e+00
5.829356266e-01 3.212643121e-01 3.284368018e-01 2.964878495e-01 2.477646256e-02 0.000000000e+00 0.000000000e+00
6.179824811e-01 3.207017841e-01 3.272394472e-01 2.973440097e-01 2.335777442e-02 0.000000000e+00 0.000000000e+00
6.551363985e-01 3.191194259e-01 3.252756097e-01 2.974660715e-01 2.165335440e-02 0.000000000e+00 0.000000000e+00
6.945240582e-01 3.228457074e-01 3.286219571e-01 3.028974205e-01 1.994828690e-02 0.000000000e+00 0.000000000e+00
7.362797556e-01 3.242143315e-01 3.293673045e-01 3.060622647e-01 1.815206678e-02 0.000000000e+00 0.000000000e+00
7.805458603e-01 3.249492372e-01 3.297011165e-01 3.085407478e-01 1.640848944e-02 0.000000000e+00 0.000000000e+00
8.274733014e-01 3.210163806e-01 3.255381687e-01 3.062076681e-01 1.480871247e-02 0.000000000e+00 0.000000000e+00
8.772220817e-01 3.209843039e-01 3.252166068e-01 3.072501956e-01 1.373410826e-02 0.000000000e+00 0.000000000e+00
9.299618239e-01 3.246179723e-01 3.282936694e-01 3.120178678e-01 1.260010449e-02 0.000000000e+00 0.000000000e+00
9.858723487e-01 3.156846598e-01 3.191382522e-01 3.050068223e-01 1.067783748e-02 3.523905489e-57 5.251609719e-58
1.045144288e+00 3.078602797e-01 3.109152493e-01 2.986433410e-01 9.216938720e-03 1.106882567e-53 1.568102494e-54
1.107979733e+00 2.886844821e-01 2.913200838e-01 2.809175649e-01 7.766917209e-03 2.051845327e-50 2.477487377e-51
1.174592928e+00 2.809205960e-01 2.833398789e-01 2.741597300e-01 6.760866011e-03 2.467529802e-47 2.833798870e-48
1.245210996e+00 2.713294767e-01 2.734743353e-01 2.655546910e-01 5.774785734e-03 2.121135226e-44 2.015357853e-45
1.320074714e+00 2.650045549e-01 2.669438635e-01 2.601586193e-01 4.845935593e-03 1.207423042e-41 9.707823391e-43
1.399439338e+00 2.619281272e-01 2.637231544e-01 2.578373506e-01 4.090776632e-03 4.662134456e-39 3.262170993e-40
1.483575466e+00 2.586579233e-01 2.602546027e-01 2.552126125e-01 3.445310807e-03 1.216750322e-36 7.618786309e-38
1.572769969e+00 2.626576808e-01 2.641544398e-01 2.596398718e-01 3.017809027e-03 2.382639041e-34 1.251239853e-35
1.667326963e+00 2.601758606e-01 2.615666419e-01 2.576186963e-01 2.557164356e-03 3.315871765e-32 1.539923793e-33
1.767568847e+00 2.484152878e-01 2.496329785e-01 2.463336391e-01 2.081648696e-03 3.564537329e-30 1.406347975e-31
1.873837405e+00 2.292688723e-01 2.303299477e-01 2.276350091e-01 1.633863180e-03 2.969992164e-28 9.859070990e-30
1.986494968e+00 2.152500508e-01 2.161665134e-01 2.139654120e-01 1.284638765e-03 1.939188210e-26 5.359747004e-28
2.105925651e+00 1.993064670e-01 2.000942055e-01 1.983031937e-01 1.003273328e-03 9.066753257e-25 2.138918922e-26
2.232536664e+00 1.790769514e-01 1.797243356e-01 1.783077010e-01 7.692504264e-04 3.599457015e-23 6.997228398e-25
2.366759696e+00 1.624042724e-01 1.629563392e-01 1.618181490e-01 5.861233881e-04 1.151141221e-21 1.913745768e-23
2.509052394e+00 1.400878789e-01 1.405368485e-01 1.396713686e-01 4.165102946e-04 2.768383245e-20 3.783834182e-22
2.659899915e+00 1.388809601e-01 1.392933018e-01 1.385445322e-01 3.364278320e-04 6.064710797e-19 6.839672659e-21
2.819816587e+00 1.342994147e-01 1.346643161e-01 1.340327985e-01 2.666161966e-04 1.046668798e-17 9.785754278e-20
2.989347660e+00 1.135886870e-01 1.138810351e-01 1.134015604e-01 1.871265931e-04 1.516840816e-16 1.159564201e-18
3.169071162e+00 1.006929735e-01 1.009282983e-01 1.005570596e-01 1.359138818e-04 1.812770502e-15 1.128103767e-17
3.359599877e+00 9.794998295e-02 9.816263680e-02 9.784451125e-02 1.054717081e-04 1.936166939e-14 9.869750115e-17
3.561583429e+00 9.356513161e-02 9.375452104e-02 9.348301215e-02 8.211946258e-05 1.754628336e-13 7.181821594e-16
3.775710497e+00 8.030127897e-02 8.044806270e-02 8.024496582e-02 5.631314609e-05 1.424795772e-12 4.712827875e-15
4.002711165e+00 7.257701207e-02 7.270327680e-02 7.253627367e-02 4.073839590e-05 9.652719447e-12 2.575240966e-14
4.243359411e+00 6.916884421e-02 6.928053678e-02 6.913824033e-02 3.060381512e-05 6.089210895e-11 1.293067108e-13
4.498475745e+00 5.885749130e-02 5.894652145e-02 5.883690532e-02 2.058565092e-05 3.343048631e-10 5.625692896e-13
4.768930007e+00 5.155120103e-02 5.162379700e-02 5.153708417e-02 1.411525320e-05 1.608283339e-09 2.133958484e-12
5.055644335e+00 4.667250743e-02 4.673483951e-02 4.666288784e-02 9.612345834e-06 7.240522001e-09 7.546766390e-12
5.359596304e+00 4.318680607e-02 4.324114215e-02 4.318021174e-02 6.564756940e-06 2.954575765e-08 2.402882461e-11
5.681822265e+00 3.986249969e-02 3.991077235e-02 3.985811537e-02 4.278875788e-06 1.053806305e-07 6.609903206e-11
6.023420872e+00 3.705569382e-02 3.709897722e-02 3.705272451e-02 2.622696115e-06 3.464507617e-07 1.674693267e-10
6.385556837e+00 3.289684747e-02 3.293346774e-02 3.289435495e-02 1.384356507e-06 1.107750538e-06 4.072782651e-10
6.769464890e+00 2.913040668e-02 2.915986125e-02 2.912654205e-02 6.062316639e-07 3.257516049e-06 8.874606534e-10
7.176453999e+00 2.606592318e-02 2.608578741e-02 2.605635416e-02 2.612350987e-07 9.305968138e-06 1.813518637e-09
7.607911827e+00 2.373835762e-02 2.374894642e-02 2.371324566e-02 1.759592952e-07 2.493268100e-05 3.316141188e-09
8.065309466e+00 2.142131664e-02 2.139927528e-02 2.133713167e-02 1.030249482e-07 8.407551508e-05 6.425550183e-09
8.550206451e+00 1.972576346e-02 1.953536697e-02 1.943096933e-02 9.391253127e-08 2.946746243e-04 2.559489412e-08
9.064256079e+00 1.884734261e-02 1.800639627e-02 1.786441645e-02 1.149535801e-07 9.826774998e-04 1.337079552e-07
9.609211044e+00 1.890902060e-02 1.642495057e-02 1.627285628e-02 1.273204670e-07 2.635597164e-03 4.398357674e-07
1.018692942e+01 2.025593483e-02 1.471205971e-02 1.459274964e-02 1.044019845e-07 5.662201013e-03 8.797728207e-07
1.079938098e+01 2.298283429e-02 1.281289226e-02 1.272932087e-02 7.871248350e-08 1.025214473e-02 1.289983186e-06
1.144865393e+01 2.809789796e-02 1.112468421e-02 1.106794141e-02 4.201227543e-08 1.702900364e-02 9.109020271e-07
1.213696202e+01 3.577335986e-02 9.764978937e-03 9.726759428e-03 1.321061649e-08 2.604651930e-02 6.792322188e-08
1.286665210e+01 4.745743522e-02 8.425196021e-03 8.400508533e-03 2.334639714e-09 3.905692434e-02 1.706510843e-11
1.364021210e+01 6.538074408e-02 7.365327977e-03 7.348171400e-03 0.000000000e+00 5.803257269e-02 0.000000000e+00
1.446027954e+01 1.044926455e-01 6.322629241e-03 6.308885462e-03 0.000000000e+00 9.818376008e-02 0.000000000e+00
1.532965052e+01 1.895386449e-01 5.546788831e-03 5.533079272e-03 0.000000000e+00 1.840055656e-01 0.000000000e+00
1.625128922e+01 3.534043035e-01 4.819733817e-03 4.805861261e-03 0.000000000e+00 3.485984422e-01 0.000000000e+00
1.722833804e+01 6.247008762e-01 4.203411314e-03 4.189868949e-03 0.000000000e+00 6.205110073e-01 0.000000000e+00
1.826412832e+01 1.004267148e+00 3.620018826e-03 3.607690098e-03 0.000000000e+00 1.000659458e+00 0.000000000e+00
1.936219168e+01 1.460618308e+00 3.165509512e-03 3.155141069e-03 0.000000000e+00 1.457463167e+00 0.000000000e+00
2.052627204e+01 1.935790674e+00 2.790546612e-03 2.782512428e-03 0.000000000e+00 1.933008162e+00 0.000000000e+00
2.176033844e+01 2.484799744e+00 2.473771226e-03 2.467440366e-03 0.000000000e+00 2.482332303e+00 0.000000000e+00
2.306859853e+01 3.132112258e+00 2.209950936e-03 2.205012715e-03 0.000000000e+00 3.129907245e+00 0.000000000e+00
2.445551294e+01 3.908865756e+00 1.989205753e-03 1.985246092e-03 0.000000000e+00 3.906880510e+00 0.000000000e+00
2.592581045e+01 4.844357467e+00 1.765600518e-03 1.762474046e-03 0.000000000e+00 4.842594993e+00 0.000000000e+00
2.748450419e+01 5.862796318e+00 1.544820357e-03 1.542389318e-03 0.000000000e+00 5.861253929e+00 0.000000000e+00
2.913690863e+01 6.991725069e+00 1.373798847e-03 1.371859895e-03 0.000000000e+00 6.990353210e+00 0.000000000e+00
3.088865780e+01 8.260947701e+00 1.228277532e-03 1.226741494e-03 0.000000000e+00 8.259720959e+00 0.000000000e+00
3.274572442e+01 9.644715348e+00 1.112482041e-03 1.111224105e-03 0.000000000e+00 9.643604124e+00 0.000000000e+00
3.471444033e+01 1.110588122e+01 9.933155414e-04 9.923174920e-04 0.000000000e+00 1.110488890e+01 0.000000000e+00
3.680151802e+01 1.269103339e+01 8.769988213e-04 8.762076074e-04 0.000000000e+00 1.269015718e+01 0.000000000e+00
3.901407356e+01 1.418649923e+01 7.829676374e-04 7.823351948e-04 0.000000000e+00 1.418571689e+01 0.000000000e+00
4.135965084e+01 1.575914745e+01 6.934552690e-04 6.929464555e-04 0.000000000e+00 1.575845451e+01 0.000000000e+00
4.384624730e+01 1.708367995e+01 6.218746433e-04 6.214733825e-04 0.000000000e+00 1.708305848e+01 0.000000000e+00
4.648234121e+01 1.844916629e+01 5.496434738e-04 5.493287381e-04 0.000000000e+00 1.844861696e+01 0.000000000e+00
4.927692053e+01 1.962703355e+01 4.912849203e-04 4.910339185e-04 0.000000000e+00 1.962654252e+01 0.000000000e+00
5.223951363e+01 2.072283433e+01 4.411047601e-04 4.409032349e-04 0.000000000e+00 2.072239342e+01 0.000000000e+00
5.538022172e+01 2.140542955e+01 3.886791382e-04 3.885250253e-04 0.000000000e+00 2.140504102e+01 0.000000000e+00
5.870975330e+01 2.215833451e+01 3.487468631e-04 3.486255313e-04 0.000000000e+00 2.215798589e+01 0.000000000e+00
6.223946068e+01 2.260548920e+01 3.101416299e-04 3.100449932e-04 0.000000000e+00 2.260517916e+01 0.000000000e+00
6.598137870e+01 2.287558020e+01 2.701444220e-04 2.700705244e-04 0.000000000e+00 2.287531013e+01 0.000000000e+00
6.994826574e+01 2.302427767e+01 2.427567950e-04 2.426972925e-04 0.000000000e+00 2.302403498e+01 0.000000000e+00
7.415364723e+01 2.307689268e+01 2.171756948e-04 2.171288299e-04 0.000000000e+00 2.307667555e+01 0.000000000e+00
7.861186177e+01 2.279855995e+01 1.906080404e-04 1.905718458e-04 0.000000000e+00 2.279836938e+01 0.000000000e+00
8.333811002e+01 2.253038689e+01 1.707228343e-04 1.706943171e-04 0.000000000e+00 2.253021619e+01 0.000000000e+00
8.834850651e+01 2.185509389e+01 1.504917280e-04 1.504696644e-04 0.000000000e+00 2.185494342e+01 0.000000000e+00
9.366013462e+01 2.135737047e+01 1.358245188e-04 1.358069118e-04 0.000000000e+00 2.135723466e+01 0.000000000e+00
9.929110477e+01 2.062734736e+01 7.641357723e-05 7.640462491e-05 0.000000000e+00 2.062727095e+01 0.000000000e+00
1.052606162e+02 1.979532398e+01 0.000000000e+00 0.000000000e+00 0.000000000e+00 1.979532398e+01 0.000000000e+00
1.115890226e+02 1.894345334e+01 0.000000000e+00 0.000000000e+00 0.000000000e+00 1.894345334e+01 0.000000000e+00
1.182979010e+02 1.784238246e+01 0.000000000e+00 0.000000000e+00 0.000000000e+00 1.784238246e+01 0.000000000e+00
1.254101260e+02 1.677875526e+01 0.000000000e+00 0.000000000e+00 0.000000000e+00 1.677875526e+01 0.000000000e+00
1.329499472e+02 1.590872907e+01 0.000000000e+00 0.000000000e+00 0.000000000e+00 1.590872907e+01 0.000000000e+00
1.409430725e+02 1.470789217e+01 0.000000000e+00 0.000000000e+00 0.000000000e+00 1.470789217e+01 0.000000000e+00
1.494167549e+02 1.351109166e+01 0.000000000e+00 0.000000000e+00 0.000000000e+00 1.351109166e+01 0.000000000e+00
1.583998862e+02 1.231992551e+01 0.000000000e+00 0.000000000e+00 0.000000000e+00 1.231992551e+01 0.000000000e+00
1.679230951e+02 1.115288182e+01 0.000000000e+00 0.000000000e+00 0.000000000e+00 1.115288182e+01 0.000000000e+00
1.780188519e+02 9.964961173e+00 0.000000000e+00 0.000000000e+00 0.000000000e+00 9.964961173e+00 0.000000000e+00
1.887215788e+02 8.944005143e+00 0.000000000e+00 0.000000000e+00 0.000000000e+00 8.944005143e+00 0.000000000e+00
2.000677676e+02 7.949635121e+00 0.000000000e+00 0.000000000e+00 0.000000000e+00 7.949635121e+00 0.000000000e+00
2.120961043e+02 7.019209962e+00 0.000000000e+00 0.000000000e+00 0.000000000e+00 7.019209962e+00 0.000000000e+00
2.248476003e+02 6.126465498e+00 0.000000000e+00 0.000000000e+00 0.000000000e+00 6.126465498e+00 0.000000000e+00
2.383657330e+02 5.450090938e+00 0.000000000e+00 0.000000000e+00 0.000000000e+00 5.450090938e+00 0.000000000e+00
2.526965935e+02 4.676048931e+00 0.000000000e+00 0.000000000e+00 0.000000000e+00 4.676048931e+00 0.000000000e+00
2.678890442e+02 4.026129509e+00 0.000000000e+00 0.000000000e+00 0.000000000e+00 4.026129509e+00 0.000000000e+00
2.839948849e+02 3.445181108e+00 0.000000000e+00 0.000000000e+00 0.000000000e+00 3.445181108e+00 0.000000000e+00
3.010690299e+02 2.978925324e+00 0.000000000e+00 0.000000000e+00 0.000000000e+00 2.978925324e+00 0.000000000e+00
3.191696949e+02 2.554342501e+00 0.000000000e+00 0.000000000e+00 0.000000000e+00 2.554342501e+00 0.000000000e+00
3.383585957e+02 2.166664224e+00 0.000000000e+00 0.000000000e+00 0.000000000e+00 2.166664224e+00 0.000000000e+00
3.587011583e+02 1.808543648e+00 0.000000000e+00 0.000000000e+00 0.000000000e+00 1.808543648e+00 0.000000000e+00
3.802667425e+02 1.540291719e+00 0.000000000e+00 0.000000000e+00 0.000000000e+00 1.540291719e+00 0.000000000e+00
4.031288779e+02 1.275479292e+00 0.000000000e+00 0.000000000e+00 0.000000000e+00 1.275479292e+00 0.000000000e+00
4.273655148e+02 1.071163114e+00 0.000000000e+00 0.000000000e+00 0.000000000e+00 1.071163114e+00 0.000000000e+00
4.530592901e+02 8.844762268e-01 0.000000000e+00 0.000000000e+00 0.000000000e+00 8.844762268e-01 0.000000000e+00
4.802978090e+02 7.391468817e-01 0.000000000e+00 0.000000000e+00 0.000000000e+00 7.391468817e-01 0.000000000e+00
5.091739433e+02 6.084760467e-01 0.000000000e+00 0.000000000e+00 0.000000000e+00 6.084760467e-01 0.000000000e+00
5.397861487e+02 4.996688445e-01 0.000000000e+00 0.000000000e+00 0.000000000e+00 4.996688445e-01 0.000000000e+00
5.722388000e+02 4.123195759e-01 0.000000000e+00 0.000000000e+00 0.000000000e+00 4.123195759e-01 0.000000000e+00
6.066425473e+02 3.348247718e-01 0.000000000e+00 0.000000000e+00 0.000000000e+00 3.348247718e-01 0.000000000e+00
6.431146930e+02 2.833180327e-01 0.000000000e+00 0.000000000e+00 0.000000000e+00 2.833180327e-01 0.000000000e+00
6.817795920e+02 2.259558723e-01 0.000000000e+00 0.000000000e+00 0.000000000e+00 2.259558723e-01 0.000000000e+00
7.227690754e+02 1.895589996e-01 0.000000000e+00 0.000000000e+00 0.000000000e+00 1.895589996e-01 0.000000000e+00
7.662229003e+02 1.526511396e-01 0.000000000e+00 0.000000000e+00 0.000000000e+00 1.526511396e-01 0.000000000e+00
8.122892262e+02 1.241466466e-01 0.000000000e+00 0.000000000e+00 0.000000000e+00 1.241466466e-01 0.000000000e+00
8.611251200e+02 1.010669109e-01 0.000000000e+00 0.000000000e+00 0.000000000e+00 1.010669109e-01 0.000000000e+00
9.128970918e+02 8.138101160e-02 0.000000000e+00 0.000000000e+00 0.000000000e+00 8.138101160e-02 0.000000000e+00
9.677816625e+02 6.628210353e-02 0.000000000e+00 0.000000000e+00 0.000000000e+00 6.628210353e-02 0.000000000e+00
1.025965966e+03 5.698514268e-02 0.000000000e+00 0.000000000e+00 0.000000000e+00 5.698514268e-02 0.000000000e+00
1.087648385e+03 5.147793346e-02 0.000000000e+00 0.000000000e+00 0.000000000e+00 5.147793346e-02 0.000000000e+00
1.153039233e+03 4.644385185e-02 0.000000000e+00 0.000000000e+00 0.000000000e+00 4.644385185e-02 0.000000000e+00
1.222361464e+03 4.172630397e-02 0.000000000e+00 0.000000000e+00 0.000000000e+00 4.172630397e-02 0.000000000e+00
1.295851439e+03 3.772383379e-02 0.000000000e+00 0.000000000e+00 0.000000000e+00 3.772383379e-02 0.000000000e+00
1.373759727e+03 3.463909965e-02 0.000000000e+00 0.000000000e+00 0.000000000e+00 3.463909965e-02 0.000000000e+00
1.456351964e+03 3.098911002e-02 0.000000000e+00 0.000000000e+00 0.000000000e+00 3.098911002e-02 0.000000000e+00
1.543909754e+03 2.782341674e-02 0.000000000e+00 0.000000000e+00 0.000000000e+00 2.782341674e-02 0.000000000e+00
1.636731634e+03 2.485573218e-02 0.000000000e+00 0.000000000e+00 0.000000000e+00 2.485573218e-02 0.000000000e+00
1.735134087e+03 2.292700110e-02 0.000000000e+00 0.000000000e+00 0.000000000e+00 2.292700110e-02 0.000000000e+00
1.839452624e+03 2.019103910e-02 0.000000000e+00 0.000000000e+00 0.000000000e+00 2.019103910e-02 0.000000000e+00
1.950042929e+03 1.846343711e-02 0.000000000e+00 0.000000000e+00 0.000000000e+00 1.846343711e-02 0.000000000e+00
2.067282068e+03 1.639495195e-02 0.000000000e+00 0.000000000e+00 0.000000000e+00 1.639495195e-02 0.000000000e+00
2.191569778e+03 1.473668341e-02 0.000000000e+00 0.000000000e+00 0.000000000e+00 1.473668341e-02 0.000000000e+00
2.323329827e+03 1.330345543e-02 0.000000000e+00 0.000000000e+00 0.000000000e+00 1.330345543e-02 0.000000000e+00
2.463011464e+03 1.184866357e-02 0.000000000e+00 0.000000000e+00 0.000000000e+00 1.184866357e-02 0.000000000e+00
2.611090944e+03 1.060967260e-02 0.000000000e+00 0.000000000e+00 0.000000000e+00 1.060967260e-02 0.000000000e+00
2.768073157e+03 9.547914001e-03 0.000000000e+00 0.000000000e+00 0.000000000e+00 9.547914001e-03 0.000000000e+00
2.934493346e+03 8.556887150e-03 0.000000000e+00 0.000000000e+00 0.000000000e+00 8.556887150e-03 0.000000000e+00
3.110918936e+03 7.575137321e-03 0.000000000e+00 0.000000000e+00 0.000000000e+00 7.575137321e-03 0.000000000e+00
3.297951463e+03 6.789133105e-03 0.000000000e+00 0.000000000e+00 0.000000000e+00 6.789133105e-03 0.000000000e+00
3.496228631e+03 6.072268230e-03 0.000000000e+00 0.000000000e+00 0.000000000e+00 6.072268230e-03 0.000000000e+00
3.706426483e+03 5.488521277e-03 0.000000000e+00 0.000000000e+00 0.000000000e+00 5.488521277e-03 0.000000000e+00
3.929261705e+03 4.929498591e-03 0.000000000e+00 0.000000000e+00 0.000000000e+00 4.929498591e-03 0.000000000e+00
4.165494073e+03 4.395544170e-03 0.000000000e+00 0.000000000e+00 0.000000000e+00 4.395544170e-03 0.000000000e+00
4.415929040e+03 3.903210327e-03 0.000000000e+00 0.000000000e+00 0.000000000e+00 3.903210327e-03 0.000000000e+00
4.681420487e+03 3.486713584e-03 0.000000000e+00 0.000000000e+00 0.000000000e+00 3.486713584e-03 0.000000000e+00
4.962873628e+03 3.116798918e-03 0.000000000e+00 0.000000000e+00 0.000000000e+00 3.116798918e-03 0.000000000e+00
5.261248100e+03 2.752368958e-03 0.000000000e+00 0.000000000e+00 0.000000000e+00 2.752368958e-03 0.000000000e+00
5.577561237e+03 2.478615237e-03 0.000000000e+00 0.000000000e+00 0.000000000e+00 2.478615237e-03 0.000000000e+00
5.912891535e+03 2.209726993e-03 0.000000000e+00 0.000000000e+00 0.000000000e+00 2.209726993e-03 0.000000000e+00
6.268382331e+03 1.973381074e-03 0.000000000e+00 0.000000000e+00 0.000000000e+00 1.973381074e-03 0.000000000e+00
6.645245699e+03 1.774920135e-03 0.000000000e+00 0.000000000e+00 0.000000000e+00 1.774920135e-03 0.000000000e+00
7.044766588e+03 1.589846266e-03 0.000000000e+00 0.000000000e+00 0.000000000e+00 1.589846266e-03 0.000000000e+00
7.468307196e+03 1.441601889e-03 0.000000000e+00 0.000000000e+00 0.000000000e+00 1.441601889e-03 0.000000000e+00
7.917311621e+03 1.254375423e-03 0.000000000e+00 0.000000000e+00 0.000000000e+00 1.254375423e-03 0.000000000e+00
8.393310782e+03 1.127244961e-03 0.000000000e+00 0.000000000e+00 0.000000000e+00 1.127244961e-03 0.000000000e+00
8.897927636e+03 1.000324157e-03 0.000000000e+00 0.000000000e+00 0.000000000e+00 1.000324157e-03 0.000000000e+00
9.432882717e+03 8.957061982e-04 0.000000000e+00 0.000000000e+00 0.000000000e+00 8.957061982e-04 0.000000000e+00
1.000000000e+04 7.229252286e-04 0.000000000e+00 0.000000000e+00 0.000000000e+00 7.229252286e-04 0.000000000e+00
