# column 1: wavelength (micron)
# column 2: total flux; F_nu (Jy)
# column 3: transparent flux; F_nu (Jy)
# column 4: direct primary flux; F_nu (Jy)
# column 5: scattered primary flux; F_nu (Jy)
# column 6: direct secondary flux; F_nu (Jy)
# column 7: scattered secondary flux; F_nu (Jy)
9.000000000e-02 2.309899529e-03 3.376913019e-02 1.366329180e-03 9.435703495e-04 0.000000000e+00 0.000000000e+00
9.541091806e-02 1.518799111e-02 1.760031736e-01 9.002912934e-03 6.185078175e-03 0.000000000e+00 0.000000000e+00
1.011471476e-01 2.831748217e-02 2.086540874e-01 1.773485236e-02 1.058262981e-02 0.000000000e+00 0.000000000e+00
1.072282468e-01 5.306054805e-02 2.373437843e-01 3.655747816e-02 1.650306989e-02 0.000000000e+00 0.000000000e+00
1.136749497e-01 6.907441696e-02 2.381245568e-01 4.902280780e-02 2.005160916e-02 0.000000000e+00 0.000000000e+00
1.205092367e-01 5.792154117e-02 1.988232933e-01 3.735216598e-02 2.056937518e-02 0.000000000e+00 0.000000000e+00
1.277544101e-01 8.759005425e-02 2.298522348e-01 6.257360995e-02 2.501644430e-02 0.000000000e+00 0.000000000e+00
1.354351729e-01 1.033362342e-01 2.334622882e-01 7.591489213e-02 2.742134207e-02 0.000000000e+00 0.000000000e+00
1.435777131e-01 1.100502797e-01 2.235404276e-01 8.159310208e-02 2.845717759e-02 0.000000000e+00 0.000000000e+00
1.522097936e-01 1.177432082e-01 2.176572194e-01 8.718823539e-02 3.055497279e-02 0.000000000e+00 0.000000000e+00
1.613608460e-01 1.239729963e-01 2.106441242e-01 9.128833284e-02 3.268466341e-02 0.000000000e+00 0.000000000e+00
1.710620718e-01 1.285185088e-01 2.065729308e-01 9.318960252e-02 3.532890631e-02 0.000000000e+00 0.000000000e+00
1.813465479e-01 1.316906296e-01 2.027125367e-01 9.443570806e-02 3.725492151e-02 0.000000000e+00 0.000000000e+00
1.922493402e-01 1.322208709e-01 1.965397744e-01 9.285620187e-02 3.936466903e-02 0.000000000e+00 0.000000000e+00
2.038076228e-01 1.293872368e-01 1.888964145e-01 8.889545032e-02 4.049178643e-02 0.000000000e+00 0.000000000e+00
2.160608044e-01 1.308020261e-01 1.867056862e-01 8.812448331e-02 4.267754279e-02 0.000000000e+00 0.000000000e+00
2.290506634e-01 1.337245022e-01 1.791079720e-01 8.850748110e-02 4.521702108e-02 0.000000000e+00 0.000000000e+00
2.428214897e-01 1.333362895e-01 1.704807910e-01 8.725728220e-02 4.607900726e-02 0.000000000e+00 0.000000000e+00
2.574202362e-01 1.360255130e-01 1.678463157e-01 9.049919301e-02 4.552631995e-02 0.000000000e+00 0.000000000e+00
2.728966785e-01 1.383552897e-01 1.664507411e-01 9.332290665e-02 4.503238306e-02 0.000000000e+00 0.000000000e+00
2.893035848e-01 1.422388748e-01 1.679277486e-01 9.935923791e-02 4.287963688e-02 0.000000000e+00 0.000000000e+00
3.066968958e-01 1.462712875e-01 1.688695817e-01 1.054633530e-01 4.080793443e-02 0.000000000e+00 0.000000000e+00
3.251359155e-01 1.492447868e-01 1.693575865e-01 1.099529273e-01 3.929185952e-02 0.000000000e+00 0.000000000e+00
3.446835132e-01 1.517746695e-01 1.701348970e-01 1.142979020e-01 3.747676754e-02 0.000000000e+00 0.000000000e+00
3.654063382e-01 1.627827685e-01 1.797613152e-01 1.265438063e-01 3.623896219e-02 0.000000000e+00 0.000000000e+00
3.873750465e-01 2.549596465e-01 2.739920389e-01 2.099581200e-01 4.500152654e-02 0.000000000e+00 0.000000000e+00
4.106645425e-01 3.091673044e-01 3.285305003e-01 2.622285845e-01 4.693871985e-02 0.000000000e+00 0.000000000e+00
4.353542335e-01 3.036921298e-01 3.206511940e-01 2.599951568e-01 4.369697301e-02 0.000000000e+00 0.000000000e+00
4.615283011e-01 3.193506107e-01 3.354103834e-01 2.763354232e-01 4.301518747e-02 0.000000000e+00 0.000000000e+00
4.892759879e-01 3.024725786e-01 3.162579486e-01 2.636527627e-01 3.881981588e-02 0.000000000e+00 0.000000000e+00
5.186919022e-01 3.084023326e-01 3.211843390e-01 2.721994817e-01 3.620285092e-02 0.000000000e+00 0.000000000e+00
5.498763397e-01 3.118474338e-01 3.233275158e-01 2.781108411e-01 3.373659264e-02 0.000000000e+00 0.000000000e+00
5.829356266e-01 3.161655302e-01 3.263268412e-01 2.843972230e-01 3.176830713e-02 0.000000000e+00 0.000000000e+00
6.179824811e-01 3.181298155e-01 3.278683175e-01 2.885968259e-01 2.953298957e-02 0.000000000e+00 0.000000000e+00
6.551363985e-01 3.138537804e-01 3.227666242e-01 2.866458298e-01 2.720795066e-02 0.000000000e+00 0.000000000e+00
6.945240582e-01 3.235673797e-01 3.315187419e-01 2.978098190e-01 2.575756067e-02 0.000000000e+00 0.000000000e+00
7.362797556e-01 3.212988518e-01 3.285259197e-01 2.984022888e-01 2.289656296e-02 0.000000000e+00 0.000000000e+00
7.805458603e-01 3.213805342e-01 3.277687845e-01 3.006120405e-01 2.076849370e-02 0.000000000e+00 0.000000000e+00
8.274733014e-01 3.194947998e-01 3.255561293e-01 3.008703265e-01 1.862447331e-02 0.000000000e+00 0.000000000e+00
8.772220817e-01 3.208988733e-01 3.265185055e-01 3.035190511e-01 1.737982217e-02 0.000000000e+00 0.000000000e+00
9.299618239e-01 3.231111221e-01 3.282272279e-01 3.073661695e-01 1.574495257e-02 0.000000000e+00 0.000000000e+00
9.858723487e-01 3.162918081e-01 3.208265238e-01 3.028743106e-01 1.341749757e-02 1.497357553e-59 5.405308186e-60
1.045144288e+00 3.086095113e-01 3.126354657e-01 2.970834436e-01 1.152606768e-02 6.521577801e-56 2.082062905e-56
1.107979733e+00 2.886960326e-01 2.921726697e-01 2.790130184e-01 9.683014225e-03 1.787032849e-52 5.298703268e-53
1.174592928e+00 2.788374097e-01 2.819281659e-01 2.704929039e-01 8.344505814e-03 3.138179767e-49 7.593835519e-50
1.245210996e+00 2.685532497e-01 2.713877583e-01 2.615239098e-01 7.029339899e-03 3.429794537e-46 7.485166216e-47
1.320074714e+00 2.651071403e-01 2.677491269e-01 2.592293900e-01 5.877750268e-03 2.683402631e-43 4.954527474e-44
1.399439338e+00 2.610461381e-01 2.633185610e-01 2.561215223e-01 4.924615758e-03 1.333096640e-40 2.108076406e-41
1.483575466e+00 2.586346317e-01 2.606484953e-01 2.544682923e-01 4.166339350e-03 4.798802498e-38 6.574190010e-39
1.572769969e+00 2.612806126e-01 2.631769122e-01 2.577317729e-01 3.548839631e-03 1.241723365e-35 1.467000294e-36
1.667326963e+00 2.601849493e-01 2.618978693e-01 2.571501803e-01 3.034769007e-03 2.150689442e-33 2.222462161e-34
1.767568847e+00 2.472485735e-01 2.487372294e-01 2.448099013e-01 2.438672121e-03 2.993482308e-31 2.606123267e-32
1.873837405e+00 2.293648059e-01 2.306522042e-01 2.274576665e-01 1.907139436e-03 3.059009336e-29 2.225761526e-30
1.986494968e+00 2.161183973e-01 2.172702083e-01 2.145986355e-01 1.519761804e-03 2.397818157e-27 1.479718887e-28
2.105925651e+00 1.999275851e-01 2.008848707e-01 1.987465016e-01 1.181083528e-03 1.410178722e-25 7.364858209e-27
2.232536664e+00 1.826689525e-01 1.834817798e-01 1.817600229e-01 9.089295262e-04 6.604494458e-24 2.888192544e-25
2.366759696e+00 1.637908894e-01 1.644702981e-01 1.630900759e-01 7.008135068e-04 2.480565555e-22 8.904631142e-24
2.509052394e+00 1.397474413e-01 1.402953478e-01 1.392475999e-01 4.998413483e-04 7.368361752e-21 2.254682124e-22
2.659899915e+00 1.375927846e-01 1.380892583e-01 1.371938871e-01 3.988974828e-04 1.797715863e-19 4.470613172e-21
2.819816587e+00 1.337454925e-01 1.341825462e-01 1.334361859e-01 3.093066498e-04 3.656066238e-18 7.484697617e-20
2.989347660e+00 1.116916944e-01 1.120390788e-01 1.114695867e-01 2.221077684e-04 5.949822852e-17 9.995594909e-19
3.169071162e+00 1.015179670e-01 1.018081097e-01 1.013560158e-01 1.619511858e-04 8.477444388e-16 1.167278402e-17
3.359599877e+00 9.880912732e-02 9.906037364e-02 9.868374585e-02 1.253814721e-04 1.042966545e-14 1.161469660e-16
3.561583429e+00 9.418227366e-02 9.440585099e-02 9.408720792e-02 9.506573866e-05 1.039747708e-13 9.369472648e-16
3.775710497e+00 7.915279559e-02 7.933098184e-02 7.908737874e-02 6.541684432e-05 9.277412424e-13 6.703300749e-15
4.002711165e+00 7.305791451e-02 7.320957633e-02 7.301087225e-02 4.704225507e-05 7.242503185e-12 4.203056421e-14
4.243359411e+00 6.948632788e-02 6.962139639e-02 6.945027136e-02 3.605647058e-05 4.884642501e-11 2.265318387e-13
4.498475745e+00 5.873558261e-02 5.884166263e-02 5.871135752e-02 2.422479186e-05 2.938984348e-10 1.081276376e-12
4.768930007e+00 5.220440048e-02 5.229266493e-02 5.218781393e-02 1.658496828e-05 1.578441898e-09 4.609573220e-12
5.055644335e+00 4.660777061e-02 4.668160814e-02 4.659634433e-02 1.141860309e-05 7.667596159e-09 1.750073511e-11
5.359596304e+00 4.257647831e-02 4.264001353e-02 4.256864187e-02 7.803490646e-06 3.289430915e-08 5.860126937e-11
5.681822265e+00 3.965573292e-02 3.971234774e-02 3.965043992e-02 5.163636091e-06 1.291899445e-07 1.793220719e-10
6.023420872e+00 3.625117073e-02 3.630055358e-02 3.624762227e-02 3.078587258e-06 4.693780045e-07 4.954007100e-10
6.385556837e+00 3.279840368e-02 3.284054076e-02 3.279508296e-02 1.754056340e-06 1.565413060e-06 1.257122448e-09
6.769464890e+00 2.890527735e-02 2.893824842e-02 2.889955826e-02 8.405449957e-07 4.875628993e-06 2.910251709e-09
7.176453999e+00 2.653378316e-02 2.655385728e-02 2.651889464e-02 4.330732684e-07 1.444923926e-05 6.207168336e-09
7.607911827e+00 2.365166025e-02 2.365090795e-02 2.361007515e-02 2.675379221e-07 4.130514311e-05 1.241175585e-08
8.065309466e+00 2.174277543e-02 2.167494444e-02 2.160155319e-02 1.823262158e-07 1.410067583e-04 3.315260730e-08
8.550206451e+00 2.001779479e-02 1.964029978e-02 1.951979251e-02 1.542927498e-07 4.977274393e-04 1.205473504e-07
9.064256079e+00 1.953158150e-02 1.801828451e-02 1.785359344e-02 1.675506876e-07 1.677315969e-03 5.045462581e-07
9.609211044e+00 2.091265863e-02 1.650085202e-02 1.632631221e-02 1.931231291e-07 4.584513015e-03 1.640282743e-06
1.018692942e+01 2.505963473e-02 1.488868426e-02 1.474992015e-02 1.629533431e-07 1.030609671e-02 3.454916030e-06
1.079938098e+01 3.247278156e-02 1.284134374e-02 1.274350582e-02 1.194478628e-07 1.972357895e-02 5.577343991e-06
1.144865393e+01 4.521170699e-02 1.100630044e-02 1.094214704e-02 8.442592238e-08 3.426201374e-02 7.461776534e-06
1.213696202e+01 6.566784333e-02 9.621906256e-03 9.578453603e-03 5.519443391e-08 5.608033060e-02 9.003931320e-06
1.286665210e+01 9.468754608e-02 8.431478264e-03 8.402831488e-03 3.364145709e-08 8.627657242e-02 8.108529907e-06
1.364021210e+01 1.408875007e-01 7.345771498e-03 7.326019438e-03 8.303410232e-09 1.335580745e-01 3.398534633e-06
1.446027954e+01 2.329268171e-01 6.411616974e-03 6.395283990e-03 9.643501803e-10 2.265314877e-01 4.444388038e-08
1.532965052e+01 4.435742001e-01 5.495108732e-03 5.478933208e-03 0.000000000e+00 4.380952669e-01 2.058283235e-20
1.625128922e+01 8.334699522e-01 4.852160041e-03 4.835657573e-03 0.000000000e+00 8.286342946e-01 0.000000000e+00
1.722833804e+01 1.492576843e+00 4.199717415e-03 4.183467774e-03 0.000000000e+00 1.488393376e+00 0.000000000e+00
1.826412832e+01 2.430255039e+00 3.634323724e-03 3.619425795e-03 0.000000000e+00 2.426635613e+00 0.000000000e+00
1.936219168e+01 3.512087174e+00 3.152158343e-03 3.139837044e-03 0.000000000e+00 3.508947337e+00 0.000000000e+00
2.052627204e+01 4.673680260e+00 2.775990383e-03 2.766445687e-03 0.000000000e+00 4.670913814e+00 0.000000000e+00
2.176033844e+01 6.039100311e+00 2.457401218e-03 2.449938405e-03 0.000000000e+00 6.036650373e+00 0.000000000e+00
2.306859853e+01 7.627677906e+00 2.208577375e-03 2.202650856e-03 0.000000000e+00 7.625475255e+00 0.000000000e+00
2.445551294e+01 9.406220825e+00 1.955492825e-03 1.950827969e-03 0.000000000e+00 9.404269997e+00 0.000000000e+00
2.592581045e+01 1.128954126e+01 1.773443993e-03 1.769683093e-03 0.000000000e+00 1.128777157e+01 0.000000000e+00
2.748450419e+01 1.345823124e+01 1.564186929e-03 1.561208283e-03 0.000000000e+00 1.345667003e+01 0.000000000e+00
2.913690863e+01 1.570441846e+01 1.391031662e-03 1.388684303e-03 0.000000000e+00 1.570302978e+01 0.000000000e+00
3.088865780e+01 1.808130302e+01 1.239179490e-03 1.237328760e-03 0.000000000e+00 1.808006569e+01 0.000000000e+00
3.274572442e+01 2.056681665e+01 1.112862848e-03 1.111352009e-03 0.000000000e+00 2.056570530e+01 0.000000000e+00
3.471444033e+01 2.305240869e+01 9.850706478e-04 9.838787434e-04 0.000000000e+00 2.305142481e+01 0.000000000e+00
3.680151802e+01 2.541363149e+01 8.644093094e-04 8.634613689e-04 0.000000000e+00 2.541276803e+01 0.000000000e+00
3.901407356e+01 2.747554619e+01 7.847442124e-04 7.839864563e-04 0.000000000e+00 2.747476221e+01 0.000000000e+00
4.135965084e+01 2.953633876e+01 6.949182460e-04 6.943098415e-04 0.000000000e+00 2.953564445e+01 0.000000000e+00
4.384624730e+01 3.100181639e+01 6.176981551e-04 6.172286175e-04 0.000000000e+00 3.100119916e+01 0.000000000e+00
4.648234121e+01 3.187858404e+01 5.552289850e-04 5.548501013e-04 0.000000000e+00 3.187802919e+01 0.000000000e+00
4.927692053e+01 3.277918427e+01 4.922684668e-04 4.919698359e-04 0.000000000e+00 3.277869230e+01 0.000000000e+00
5.223951363e+01 3.341142092e+01 4.298276189e-04 4.295941214e-04 0.000000000e+00 3.341099133e+01 0.000000000e+00
5.538022172e+01 3.345276121e+01 3.868163542e-04 3.866322620e-04 0.000000000e+00 3.345237458e+01 0.000000000e+00
5.870975330e+01 3.308648917e+01 3.493798144e-04 3.492333846e-04 0.000000000e+00 3.308613994e+01 0.000000000e+00
6.223946068e+01 3.249739151e+01 3.086790366e-04 3.085641824e-04 0.000000000e+00 3.249708294e+01 0.000000000e+00
6.598137870e+01 3.175755127e+01 2.720602459e-04 2.719711019e-04 0.000000000e+00 3.175727930e+01 0.000000000e+00
6.994826574e+01 3.047095903e+01 2.443400746e-04 2.442688300e-04 0.000000000e+00 3.047071476e+01 0.000000000e+00
7.415364723e+01 2.935468834e+01 2.172651552e-04 2.172099541e-04 0.000000000e+00 2.935447113e+01 0.000000000e+00
7.861186177e+01 2.810344804e+01 1.932625881e-04 1.932189701e-04 0.000000000e+00 2.810325482e+01 0.000000000e+00
8.333811002e+01 2.661337232e+01 1.709009579e-04 1.708670963e-04 0.000000000e+00 2.661320145e+01 0.000000000e+00
8.834850651e+01 2.518972542e+01 1.517679184e-04 1.517414257e-04 0.000000000e+00 2.518957368e+01 0.000000000e+00
9.366013462e+01 2.387167607e+01 1.351595585e-04 1.351385393e-04 0.000000000e+00 2.387154093e+01 0.000000000e+00
9.929110477e+01 2.220708066e+01 7.643468163e-05 7.642397361e-05 0.000000000e+00 2.220700423e+01 0.000000000e+00
1.052606162e+02 2.058280800e+01 0.000000000e+00 0.000000000e+00 0.000000000e+00 2.058280800e+01 0.000000000e+00
1.115890226e+02 1.930551684e+01 0.000000000e+00 0.000000000e+00 0.000000000e+00 1.930551684e+01 0.000000000e+00
1.182979010e+02 1.806673629e+01 0.000000000e+00 0.000000000e+00 0.000000000e+00 1.806673629e+01 0.000000000e+00
1.254101260e+02 1.675005785e+01 0.000000000e+00 0.000000000e+00 0.000000000e+00 1.675005785e+01 0.000000000e+00
1.329499472e+02 1.550457787e+01 0.000000000e+00 0.000000000e+00 0.000000000e+00 1.550457787e+01 0.000000000e+00
1.409430725e+02 1.400159035e+01 0.000000000e+00 0.000000000e+00 0.000000000e+00 1.400159035e+01 0.000000000e+00
1.494167549e+02 1.275853181e+01 0.000000000e+00 0.000000000e+00 0.000000000e+00 1.275853181e+01 0.000000000e+00
1.583998862e+02 1.155104209e+01 0.000000000e+00 0.000000000e+00 0.000000000e+00 1.155104209e+01 0.000000000e+00
1.679230951e+02 1.038794311e+01 0.000000000e+00 0.000000000e+00 0.000000000e+00 1.038794311e+01 0.000000000e+00
1.780188519e+02 9.230918805e+00 0.000000000e+00 0.000000000e+00 0.000000000e+00 9.230918805e+00 0.000000000e+00
1.887215788e+02 8.304134337e+00 0.000000000e+00 0.000000000e+00 0.000000000e+00 8.304134337e+00 0.000000000e+00
2.000677676e+02 7.394083687e+00 0.000000000e+00 0.000000000e+00 0.000000000e+00 7.394083687e+00 0.000000000e+00
2.120961043e+02 6.461018088e+00 0.000000000e+00 0.000000000e+00 0.000000000e+00 6.461018088e+00 0.000000000e+00
2.248476003e+02 5.674968682e+00 0.000000000e+00 0.000000000e+00 0.000000000e+00 5.674968682e+00 0.000000000e+00
2.383657330e+02 5.016902235e+00 0.000000000e+00 0.000000000e+00 0.000000000e+00 5.016902235e+00 0.000000000e+00
2.526965935e+02 4.289559685e+00 0.000000000e+00 0.000000000e+00 0.000000000e+00 4.289559685e+00 0.000000000e+00
2.678890442e+02 3.759885621e+00 0.000000000e+00 0.000000000e+00 0.000000000e+00 3.759885621e+00 0.000000000e+00
2.839948849e+02 3.258003567e+00 0.000000000e+00 0.000000000e+00 0.000000000e+00 3.258003567e+00 0.000000000e+00
3.010690299e+02 2.749943892e+00 0.000000000e+00 0.000000000e+00 0.000000000e+00 2.749943892e+00 0.000000000e+00
3.191696949e+02 2.361016833e+00 0.000000000e+00 0.000000000e+00 0.000000000e+00 2.361016833e+00 0.000000000e+00
3.383585957e+02 1.991089162e+00 0.000000000e+00 0.000000000e+00 0.000000000e+00 1.991089162e+00 0.000000000e+00
3.587011583e+02 1.700123883e+00 0.000000000e+00 0.000000000e+00 0.000000000e+00 1.700123883e+00 0.000000000e+00
3.802667425e+02 1.438256988e+00 0.000000000e+00 0.000000000e+00 0.000000000e+00 1.438256988e+00 0.000000000e+00
4.031288779e+02 1.181331603e+00 0.000000000e+00 0.000000000e+00 0.000000000e+00 1.181331603e+00 0.000000000e+00
4.273655148e+02 9.872568506e-01 0.000000000e+00 0.000000000e+00 0.000000000e+00 9.872568506e-01 0.000000000e+00
4.530592901e+02 8.319411256e-01 0.000000000e+00 0.000000000e+00 0.000000000e+00 8.319411256e-01 0.000000000e+00
4.802978090e+02 6.888774816e-01 0.000000000e+00 0.000000000e+00 0.000000000e+00 6.888774816e-01 0.000000000e+00
5.091739433e+02 5.765318317e-01 0.000000000e+00 0.000000000e+00 0.000000000e+00 5.765318317e-01 0.000000000e+00
5.397861487e+02 4.806265382e-01 0.000000000e+00 0.000000000e+00 0.000000000e+00 4.806265382e-01 0.000000000e+00
5.722388000e+02 3.911903417e-01 0.000000000e+00 0.000000000e+00 0.000000000e+00 3.911903417e-01 0.000000000e+00
6.066425473e+02 3.216291536e-01 0.000000000e+00 0.000000000e+00 0.000000000e+00 3.216291536e-01 0.000000000e+00
6.431146930e+02 2.658067905e-01 0.000000000e+00 0.000000000e+00 0.000000000e+00 2.658067905e-01 0.000000000e+00
6.817795920e+02 2.168153177e-01 0.000000000e+00 0.000000000e+00 0.000000000e+00 2.168153177e-01 0.000000000e+00
7.227690754e+02 1.751607962e-01 0.000000000e+00 0.000000000e+00 0.000000000e+00 1.751607962e-01 0.000000000e+00
7.662229003e+02 1.436221692e-01 0.000000000e+00 0.000000000e+00 0.000000000e+00 1.436221692e-01 0.000000000e+00
8.122892262e+02 1.165495718e-01 0.000000000e+00 0.000000000e+00 0.000000000e+00 1.165495718e-01 0.000000000e+00
8.611251200e+02 9.537320807e-02 0.000000000e+00 0.000000000e+00 0.000000000e+00 9.537320807e-02 0.000000000e+00
9.128970918e+02 7.700648255e-02 0.000000000e+00 0.000000000e+00 0.000000000e+00 7.700648255e-02 0.000000000e+00
9.677816625e+02 6.275461082e-02 0.000000000e+00 0.000000000e+00 0.000000000e+00 6.275461082e-02 0.000000000e+00
1.025965966e+03 5.431807421e-02 0.000000000e+00 0.000000000e+00 0.000000000e+00 5.431807421e-02 0.000000000e+00
1.087648385e+03 4.894954622e-02 0.000000000e+00 0.000000000e+00 0.000000000e+00 4.894954622e-02 0.000000000e+00
1.153039233e+03 4.403268064e-02 0.000000000e+00 0.000000000e+00 0.000000000e+00 4.403268064e-02 0.000000000e+00
1.222361464e+03 3.942906721e-02 0.000000000e+00 0.000000000e+00 0.000000000e+00 3.942906721e-02 0.000000000e+00
1.295851439e+03 3.626996943e-02 0.000000000e+00 0.000000000e+00 0.000000000e+00 3.626996943e-02 0.000000000e+00
1.373759727e+03 3.232817855e-02 0.000000000e+00 0.000000000e+00 0.000000000e+00 3.232817855e-02 0.000000000e+00
1.456351964e+03 2.921927852e-02 0.000000000e+00 0.000000000e+00 0.000000000e+00 2.921927852e-02 0.000000000e+00
1.543909754e+03 2.652492762e-02 0.000000000e+00 0.000000000e+00 0.000000000e+00 2.652492762e-02 0.000000000e+00
1.636731634e+03 2.410084554e-02 0.000000000e+00 0.000000000e+00 0.000000000e+00 2.410084554e-02 0.000000000e+00
1.735134087e+03 2.190454093e-02 0.000000000e+00 0.000000000e+00 0.000000000e+00 2.190454093e-02 0.000000000e+00
1.839452624e+03 1.977248561e-02 0.000000000e+00 0.000000000e+00 0.000000000e+00 1.977248561e-02 0.000000000e+00
1.950042929e+03 1.730137103e-02 0.000000000e+00 0.000000000e+00 0.000000000e+00 1.730137103e-02 0.000000000e+00
2.067282068e+03 1.578729140e-02 0.000000000e+00 0.000000000e+00 0.000000000e+00 1.578729140e-02 0.000000000e+00
2.191569778e+03 1.409241725e-02 0.000000000e+00 0.000000000e+00 0.000000000e+00 1.409241725e-02 0.000000000e+00
2.323329827e+03 1.265280291e-02 0.000000000e+00 0.000000000e+00 0.000000000e+00 1.265280291e-02 0.000000000e+00
2.463011464e+03 1.132902534e-02 0.000000000e+00 0.000000000e+00 0.000000000e+00 1.132902534e-02 0.000000000e+00
2.611090944e+03 1.023184229e-02 0.000000000e+00 0.000000000e+00 0.000000000e+00 1.023184229e-02 0.000000000e+00
2.768073157e+03 9.077601339e-03 0.000000000e+00 0.000000000e+00 0.000000000e+00 9.077601339e-03 0.000000000e+00
2.934493346e+03 8.199520077e-03 0.000000000e+00 0.000000000e+00 0.000000000e+00 8.199520077e-03 0.000000000e+00
3.110918936e+03 7.333807189e-03 0.000000000e+00 0.000000000e+00 0.000000000e+00 7.333807189e-03 0.000000000e+00
3.297951463e+03 6.518077120e-03 0.000000000e+00 0.000000000e+00 0.000000000e+00 6.518077120e-03 0.000000000e+00
3.496228631e+03 5.886917934e-03 0.000000000e+00 0.000000000e+00 0.000000000e+00 5.886917934e-03 0.000000000e+00
3.706426483e+03 5.204383510e-03 0.000000000e+00 0.000000000e+00 0.000000000e+00 5.204383510e-03 0.000000000e+00
3.929261705e+03 4.722611666e-03 0.000000000e+00 0.000000000e+00 0.000000000e+00 4.722611666e-03 0.000000000e+00
4.165494073e+03 4.178241970e-03 0.000000000e+00 0.000000000e+00 0.000000000e+00 4.178241970e-03 0.000000000e+00
4.415929040e+03 3.707420281e-03 0.000000000e+00 0.000000000e+00 0.000000000e+00 3.707420281e-03 0.000000000e+00
4.681420487e+03 3.325283337e-03 0.000000000e+00 0.000000000e+00 0.000000000e+00 3.325283337e-03 0.000000000e+00
4.962873628e+03 2.970667346e-03 0.000000000e+00 0.000000000e+00 0.000000000e+00 2.970667346e-03 0.000000000e+00
5.261248100e+03 2.682659070e-03 0.000000000e+00 0.000000000e+00 0.000000000e+00 2.682659070e-03 0.000000000e+00
5.577561237e+03 2.381973388e-03 0.000000000e+00 0.000000000e+00 0.000000000e+00 2.381973388e-03 0.000000000e+00
5.912891535e+03 2.178005546e-03 0.000000000e+00 0.000000000e+00 0.000000000e+00 2.178005546e-03 0.000000000e+00
6.268382331e+03 1.900002709e-03 0.000000000e+00 0.000000000e+00 0.000000000e+00 1.900002709e-03 0.000000000e+00
6.645245699e+03 1.718536907e-03 0.000000000e+00 0.000000000e+00 0.000000000e+00 1.718536907e-03 0.000000000e+00
7.044766588e+03 1.516418901e-03 0.000000000e+00 0.000000000e+00 0.000000000e+00 1.516418901e-03 0.000000000e+00
7.468307196e+03 1.335459061e-03 0.000000000e+00 0.000000000e+00 0.000000000e+00 1.335459061e-03 0.000000000e+00
7.917311621e+03 1.210276339e-03 0.000000000e+00 0.000000000e+00 0.000000000e+00 1.210276339e-03 0.000000000e+00
8.393310782e+03 1.073805534e-03 0.000000000e+00 0.000000000e+00 0.000000000e+00 1.073805534e-03 0.000000000e+00
8.897927636e+03 9.532087465e-04 0.000000000e+00 0.000000000e+00 0.000000000e+00 9.532087465e-04 0.000000000e+00
9.432882717e+03 8.481405925e-04 0.000000000e+00 0.000000000e+00 0.000000000e+00 8.481405925e-04 0.000000000e+00
1.000000000e+04 6.884943703e-04 0.000000000e+00 0.000000000e+00 0.000000000e+00 6.884943703e-04 0.000000000e+00
